NodeId CentralityValue0 0
32769 0
3 1
32772 0
6 1
32775 0
9 10
32778 0
12 0
32781 0
15 2
32784 1
18 1
32787 0
21 3
32790 0
24 0
32793 0
27 22
32796 0
30 0
32799 0
33 0
32802 0
36 0
32805 0
39 6
32808 0
42 2
32811 0
45 8
32814 1
48 0
32817 1
51 0
32820 1
54 32
32823 1
57 0
32826 1
60 3
32829 1
63 0
32832 1
66 0
32835 1
69 1
32838 0
72 126
32841 1
75 72
32844 1
78 113
32847 1
81 42
32850 0
84 13
32853 0
87 14
32856 0
90 120
32859 0
93 157
32862 0
96 4
32865 0
99 7
32868 0
102 67
32871 0
105 1
32874 0
108 6
32877 1
111 50
32880 1
114 92
32883 0
117 2
32886 0
120 1
32889 0
123 7
32892 0
126 10
32895 0
129 2
32898 1
132 15
32901 0
135 2
32904 0
138 35
32907 0
141 6
32910 0
144 50
32913 0
147 60
32916 1
150 4
32919 0
153 7
32922 0
156 22
32925 0
159 2
32928 0
162 1
32931 0
165 63
32934 0
168 43
32937 0
171 43
32940 0
174 15
32943 1
177 24
32946 1
180 49
32949 0
183 43
32952 1
186 67
32955 0
189 3
32958 0
192 65
32961 0
195 377
32964 0
198 15
32967 0
201 1
32970 0
204 3
32973 0
207 17
32976 0
210 1
32979 0
213 168
32982 2
216 1
32985 0
219 12
32988 3
222 1
32991 2
225 110
32994 1
228 49
32997 0
231 4
33000 0
234 48
33003 1
237 2
33006 0
240 74
33009 0
243 85
33012 0
246 13
33015 1
249 6
33018 1
252 33
33021 0
255 98
33024 1
258 1
33027 1
261 48
33030 0
264 61
33033 0
267 25
33036 1
270 2
33039 1
273 452
33042 0
276 3
33045 0
279 28
33048 0
282 4
33051 0
285 1
33054 1
288 8
33057 1
291 16
33060 0
294 1
33063 1
297 5
33066 1
300 78
33069 1
303 1
33072 1
306 7
33075 1
309 25
33078 0
312 26
33081 0
315 41
33084 1
318 20
33087 2
321 1
33090 2
324 17
33093 2
327 3
33096 0
330 4
33099 0
333 2
33102 2
336 67
33105 2
339 9
33108 2
342 128
33111 1
345 52
33114 1
348 3
33117 1
351 1
33120 1
354 42
33123 2
357 37
33126 0
360 78
33129 1
363 2
33132 0
366 1
33135 1
369 2
33138 1
372 15
33141 1
375 10
33144 0
378 75
33147 0
381 11
33150 1
384 14
33153 1
387 2
33156 2
390 13
33159 2
393 56
33162 0
396 7
33165 1
399 14
33168 1
402 65
33171 0
405 3
33174 0
408 25
33177 2
411 1
33180 2
414 1
33183 0
417 37
33186 0
420 40
33189 0
423 130
33192 0
426 47
33195 1
429 10
33198 2
432 1
33201 0
435 2
33204 0
438 53
33207 3
441 54
33210 0
444 186
33213 0
447 6
33216 0
450 49
33219 0
453 1
33222 0
456 30
33225 0
459 8
33228 0
462 47
33231 0
465 24
33234 0
468 2
33237 0
471 99
33240 0
474 5
33243 0
477 54
33246 0
480 97
33249 0
483 2
33252 0
486 19
33255 0
489 52
33258 0
492 55
33261 1
495 10
33264 2
498 55
33267 1
501 13
33270 0
504 50
33273 0
507 14
33276 1
510 41
33279 0
513 31
33282 1
516 188
33285 2
519 48
33288 1
522 13
33291 1
525 71
33294 0
528 90
33297 0
531 33
33300 0
534 4
33303 1
537 21
33306 1
540 19
33309 0
543 180
33312 0
546 15
33315 3
549 69
33318 1
552 7
33321 1
555 13
33324 1
558 18
33327 0
561 18
33330 1
564 58
33333 1
567 4
33336 0
570 39
33339 2
573 56
33342 2
576 42
33345 2
579 31
33348 0
582 38
33351 0
585 101
33354 0
588 286
33357 0
591 44
33360 0
594 15
33363 0
597 0
33366 0
600 4
33369 1
603 36
33372 3
606 10
33375 1
609 3
33378 1
612 14
33381 0
615 31
33384 2
618 6
33387 2
621 50
33390 1
624 47
33393 1
627 6
33396 1
630 6
33399 0
633 11
33402 0
636 17
33405 0
639 153
33408 0
642 41
33411 0
645 47
33414 1
648 0
33417 1
651 27
33420 0
654 11
33423 0
657 12
33426 0
660 6
33429 2
663 3
33432 2
666 54
33435 1
669 5
33438 1
672 72
33441 1
675 40
33444 0
678 59
33447 0
681 48
33450 0
684 49
33453 0
687 29
33456 1
690 5
33459 1
693 4
33462 1
696 17
33465 1
699 4
33468 1
702 1
33471 1
705 5
33474 1
708 10
33477 1
711 16
33480 1
714 51
33483 1
717 0
33486 1
720 6
33489 1
723 78
33492 1
726 21
33495 1
729 4
33498 1
732 8
33501 1
735 17
33504 1
738 1
33507 1
741 12
33510 1
744 28
33513 1
747 6
33516 1
750 1
33519 1
753 14
33522 1
756 6
33525 1
759 2
33528 1
762 38
33531 1
765 1
33534 1
768 13
33537 1
771 39
33540 1
774 4
33543 1
777 0
33546 1
780 83
33549 1
783 11
33552 1
786 18
33555 1
789 7
33558 1
792 20
33561 1
795 5
33564 2
798 20
33567 1
801 5
33570 1
804 61
33573 1
807 11
33576 1
810 0
33579 1
813 21
33582 1
816 29
33585 1
819 23
33588 1
822 54
33591 1
825 3
33594 1
828 39
33597 1
831 1
33600 1
834 2
33603 1
837 13
33606 1
840 1
33609 1
843 0
33612 1
846 1
33615 0
849 0
33618 0
852 38
33621 0
855 0
33624 0
858 0
33627 0
861 34
33630 0
864 18
33633 0
867 8
33636 0
870 13
33639 0
873 21
33642 0
876 41
33645 0
879 34
33648 0
882 16
33651 0
885 17
33654 0
888 16
33657 0
891 15
33660 0
894 7
33663 0
897 14
33666 0
900 5
33669 0
903 7
33672 0
906 8
33675 0
909 4
33678 1
912 1
33681 1
915 146
33684 0
918 38
33687 2
921 2
33690 2
924 84
33693 2
927 1
33696 0
930 7
33699 0
933 6
33702 0
936 17
33705 3
939 130
33708 0
942 1
33711 1
945 8
33714 1
948 47
33717 0
951 12
33720 0
954 0
33723 0
957 0
33726 0
960 57
33729 0
963 0
33732 1
966 1
33735 0
969 21
33738 0
972 10
33741 0
975 2
33744 1
978 3
33747 1
981 2
33750 0
984 40
33753 0
987 0
33756 0
990 5
33759 0
993 1
33762 0
996 1
33765 0
999 1
33768 0
1002 1
33771 1
1005 2
33774 1
1008 0
33777 1
1011 9
33780 1
1014 1
33783 0
1017 10
33786 0
1020 5
33789 0
1023 5
33792 0
1026 55
33795 1
1029 5
33798 0
1032 48
33801 0
1035 14
33804 1
1038 22
33807 0
1041 14
33810 0
1044 43
33813 0
1047 2
33816 0
1050 67
33819 0
1053 72
33822 0
1056 34
33825 0
1059 21
33828 0
1062 1
33831 0
1065 2
33834 0
1068 49
33837 0
1071 48
33840 0
1074 26
33843 0
1077 86
33846 0
1080 28
33849 0
1083 27
33852 0
1086 26
33855 0
1089 9
33858 1
1092 7
33861 1
1095 86
33864 0
1098 14
33867 0
1101 37
33870 0
1104 59
33873 0
1107 13
33876 0
1110 30
33879 1
1113 17
33882 0
1116 16
33885 1
1119 7
33888 1
1122 56
33891 1
1125 6
33894 1
1128 17
33897 0
1131 4
33900 1
1134 7
33903 1
1137 77
33906 1
1140 20
33909 1
1143 18
33912 1
1146 20
33915 1
1149 8
33918 1
1152 19
33921 1
1155 3
33924 1
1158 38
33927 1
1161 79
33930 1
1164 25
33933 1
1167 26
33936 1
1170 33
33939 1
1173 13
33942 1
1176 33
33945 0
1179 37
33948 0
1182 17
33951 0
1185 65
33954 2
1188 34
33957 0
1191 32
33960 0
1194 6
33963 1
1197 16
33966 2
1200 4
33969 2
1203 20
33972 0
1206 22
33975 1
1209 14
33978 0
1212 8
33981 0
1215 14
33984 0
1218 14
33987 0
1221 21
33990 0
1224 24
33993 1
1227 4
33996 1
1230 4
33999 0
1233 117
34002 0
1236 28
34005 0
1239 11
34008 0
1242 24
34011 0
1245 29
34014 2
1248 14
34017 2
1251 4
34020 1
1254 3
34023 1
1257 4
34026 1
1260 1
34029 0
1263 1
34032 1
1266 1
34035 1
1269 2
34038 0
1272 1
34041 1
1275 1
34044 1
1278 1
34047 0
1281 1
34050 0
1284 1
34053 0
1287 3
34056 0
1290 6
34059 0
1293 7
34062 0
1296 12
34065 0
1299 3
34068 0
1302 23
34071 1
1305 22
34074 1
1308 47
34077 1
1311 4
34080 1
1314 25
34083 0
1317 13
34086 0
1320 48
34089 1
1323 25
34092 1
1326 14
34095 0
1329 4
34098 1
1332 28
34101 1
1335 4
34104 2
1338 25
34107 1
1341 46
34110 0
1344 3
34113 0
1347 3
34116 0
1350 18
34119 0
1353 0
34122 0
1356 2
34125 2
1359 18
34128 2
1362 13
34131 1
1365 55
34134 0
1368 33
34137 1
1371 92
34140 1
1374 0
34143 0
1377 2
34146 0
1380 13
34149 0
1383 1
34152 0
1386 0
34155 0
1389 23
34158 0
1392 21
34161 0
1395 16
34164 2
1398 0
34167 2
1401 36
34170 0
1404 4
34173 0
1407 1
34176 0
1410 11
34179 0
1413 9
34182 0
1416 3
34185 0
1419 20
34188 0
1422 25
34191 0
1425 21
34194 0
1428 32
34197 0
1431 0
34200 0
1434 7
34203 0
1437 2
34206 0
1440 0
34209 0
1443 103
34212 0
1446 0
34215 0
1449 2
34218 0
1452 1
34221 0
1455 15
34224 0
1458 49
34227 0
1461 23
34230 1
1464 34
34233 1
1467 3
34236 0
1470 44
34239 0
1473 1
34242 0
1476 33
34245 0
1479 14
34248 0
1482 4
34251 0
1485 14
34254 0
1488 4
34257 0
1491 4
34260 0
1494 1
34263 0
1497 0
34266 0
1500 2
34269 0
1503 2
34272 0
1506 0
34275 0
1509 1
34278 0
1512 0
34281 0
1515 13
34284 0
1518 0
34287 0
1521 2
34290 0
1524 15
34293 0
1527 35
34296 0
1530 1
34299 0
1533 2
34302 0
1536 0
34305 0
1539 4
34308 0
1542 3
34311 0
1545 4
34314 0
1548 12
34317 0
1551 6
34320 0
1554 1
34323 0
1557 0
34326 0
1560 43
34329 0
1563 2
34332 0
1566 42
34335 0
1569 50
34338 0
1572 25
34341 0
1575 1
34344 1
1578 11
34347 1
1581 1
34350 1
1584 10
34353 3
1587 2
34356 2
1590 1
34359 0
1593 3
34362 0
1596 3
34365 0
1599 4
34368 1
1602 22
34371 0
1605 0
34374 0
1608 0
34377 0
1611 4
34380 0
1614 1
34383 1
1617 1
34386 0
1620 5
34389 0
1623 9
34392 1
1626 0
34395 0
1629 18
34398 0
1632 2
34401 1
1635 3
34404 2
1638 0
34407 0
1641 0
34410 0
1644 0
34413 1
1647 8
34416 0
1650 1
34419 0
1653 23
34422 0
1656 22
34425 0
1659 2
34428 0
1662 16
34431 1
1665 11
34434 0
1668 24
34437 0
1671 0
34440 1
1674 4
34443 1
1677 2
34446 0
1680 1
34449 1
1683 17
34452 1
1686 22
34455 1
1689 11
34458 1
1692 7
34461 0
1695 7
34464 5
1698 1
34467 3
1701 0
34470 0
1704 8
34473 0
1707 6
34476 0
1710 0
34479 0
1713 7
34482 0
1716 10
34485 0
1719 0
34488 0
1722 1
34491 0
1725 68
34494 1
1728 36
34497 2
1731 1
34500 1
1734 7
34503 1
1737 46
34506 1
1740 0
34509 0
1743 15
34512 0
1746 3
34515 0
1749 3
34518 0
1752 0
34521 0
1755 2
34524 0
1758 0
34527 0
1761 4
34530 0
1764 5
34533 0
1767 55
34536 1
1770 2
34539 1
1773 1
34542 0
1776 3
34545 1
1779 0
34548 1
1782 24
34551 1
1785 3
34554 1
1788 27
34557 0
1791 1
34560 0
1794 0
34563 1
1797 13
34566 1
1800 6
34569 0
1803 6
34572 0
1806 50
34575 0
1809 16
34578 0
1812 2
34581 0
1815 22
34584 0
1818 2
34587 0
1821 83
34590 1
1824 206
34593 1
1827 10
34596 2
1830 4
34599 2
1833 29
34602 2
1836 38
34605 0
1839 2
34608 1
1842 36
34611 1
1845 5
34614 0
1848 1
34617 0
1851 7
34620 1
1854 1
34623 1
1857 4
34626 0
1860 3
34629 0
1863 0
34632 0
1866 6
34635 1
1869 0
34638 0
1872 1
34641 2
1875 7
34644 2
1878 0
34647 2
1881 5
34650 1
1884 19
34653 1
1887 2
34656 1
1890 7
34659 1
1893 16
34662 1
1896 4
34665 1
1899 77
34668 0
1902 32
34671 0
1905 1
34674 1
1908 3
34677 1
1911 14
34680 1
1914 18
34683 2
1917 6
34686 1
1920 1
34689 1
1923 2
34692 1
1926 8
34695 1
1929 26
34698 1
1932 7
34701 1
1935 100
34704 1
1938 2
34707 1
1941 17
34710 1
1944 8
34713 1
1947 4
34716 1
1950 0
34719 1
1953 12
34722 1
1956 0
34725 1
1959 1
34728 0
1962 22
34731 0
1965 1
34734 0
1968 0
34737 0
1971 5
34740 0
1974 1
34743 2
1977 1
34746 2
1980 0
34749 1
1983 6
34752 0
1986 1
34755 0
1989 5
34758 0
1992 1
34761 0
1995 2
34764 1
1998 4
34767 0
2001 19
34770 0
2004 0
34773 1
2007 1
34776 0
2010 11
34779 0
2013 5
34782 0
2016 0
34785 0
2019 0
34788 1
2022 10
34791 1
2025 0
34794 0
2028 2
34797 1
2031 6
34800 0
2034 0
34803 1
2037 0
34806 0
2040 12
34809 0
2043 0
34812 0
2046 22
34815 2
2049 38
34818 2
2052 36
34821 1
2055 32
34824 1
2058 21
34827 1
2061 24
34830 1
2064 3
34833 1
2067 1
34836 0
2070 14
34839 1
2073 3
34842 0
2076 18
34845 0
2079 5
34848 0
2082 30
34851 0
2085 2
34854 1
2088 36
34857 0
2091 39
34860 0
2094 3
34863 0
2097 1
34866 0
2100 0
34869 0
2103 8
34872 0
2106 2
34875 0
2109 0
34878 1
2112 1
34881 1
2115 2
34884 1
2118 5
34887 0
2121 2
34890 1
2124 0
34893 0
2127 0
34896 0
2130 0
34899 0
2133 0
34902 0
2136 2
34905 3
2139 0
34908 2
2142 7
34911 0
2145 2
34914 1
2148 3
34917 2
2151 0
34920 0
2154 0
34923 1
2157 0
34926 1
2160 27
34929 0
2163 0
34932 1
2166 0
34935 0
2169 1
34938 2
2172 0
34941 0
2175 3
34944 0
2178 3
34947 0
2181 0
34950 0
2184 5
34953 0
2187 1
34956 0
2190 4
34959 0
2193 1
34962 1
2196 1
34965 1
2199 4
34968 0
2202 0
34971 0
2205 0
34974 0
2208 0
34977 3
2211 10
34980 3
2214 1
34983 1
2217 2
34986 1
2220 0
34989 1
2223 1
34992 1
2226 1
34995 1
2229 29
34998 2
2232 0
35001 3
2235 0
35004 1
2238 0
35007 1
2241 0
35010 1
2244 0
35013 1
2247 1
35016 0
2250 10
35019 0
2253 73
35022 0
2256 25
35025 0
2259 1
35028 0
2262 17
35031 1
2265 5
35034 0
2268 23
35037 0
2271 25
35040 0
2274 2
35043 0
2277 11
35046 1
2280 1
35049 0
2283 1
35052 1
2286 2
35055 1
2289 1
35058 2
2292 3
35061 3
2295 5
35064 1
2298 7
35067 0
2301 1
35070 1
2304 1
35073 0
2307 1
35076 0
2310 2
35079 0
2313 2
35082 0
2316 4
35085 0
2319 1
35088 0
2322 4
35091 2
2325 1
35094 2
2328 20
35097 0
2331 5
35100 1
2334 1
35103 1
2337 11
35106 0
2340 1
35109 0
2343 1
35112 0
2346 1
35115 3
2349 1
35118 1
2352 1
35121 1
2355 2
35124 0
2358 1
35127 0
2361 1
35130 0
2364 2
35133 0
2367 9
35136 0
2370 1
35139 0
2373 2
35142 0
2376 2
35145 0
2379 4
35148 0
2382 7
35151 0
2385 14
35154 0
2388 1
35157 0
2391 5
35160 0
2394 2
35163 0
2397 3
35166 0
2400 2
35169 0
2403 2
35172 0
2406 2
35175 0
2409 1
35178 0
2412 2
35181 0
2415 2
35184 0
2418 2
35187 1
2421 1
35190 1
2424 5
35193 0
2427 3
35196 1
2430 8
35199 0
2433 3
35202 0
2436 8
35205 0
2439 1
35208 3
2442 3
35211 1
2445 1
35214 0
2448 2
35217 0
2451 2
35220 1
2454 3
35223 0
2457 4
35226 0
2460 2
35229 1
2463 1
35232 0
2466 1
35235 0
2469 8
35238 0
2472 27
35241 0
2475 3
35244 1
2478 4
35247 0
2481 4
35250 0
2484 3
35253 1
2487 21
35256 1
2490 1
35259 0
2493 9
35262 4
2496 16
35265 0
2499 5
35268 0
2502 23
35271 0
2505 4
35274 0
2508 7
35277 0
2511 8
35280 1
2514 10
35283 4
2517 4
35286 1
2520 14
35289 0
2523 0
35292 0
2526 2
35295 1
2529 14
35298 3
2532 1
35301 0
2535 6
35304 0
2538 6
35307 1
2541 0
35310 0
2544 0
35313 1
2547 0
35316 2
2550 26
35319 2
2553 4
35322 3
2556 0
35325 1
2559 23
35328 0
2562 2
35331 0
2565 0
35334 2
2568 43
35337 2
2571 12
35340 0
2574 8
35343 0
2577 38
35346 0
2580 30
35349 0
2583 13
35352 0
2586 0
35355 1
2589 0
35358 1
2592 20
35361 0
2595 32
35364 0
2598 3
35367 0
2601 63
35370 0
2604 9
35373 1
2607 2
35376 0
2610 40
35379 0
2613 28
35382 1
2616 5
35385 1
2619 38
35388 1
2622 18
35391 0
2625 7
35394 0
2628 13
35397 1
2631 24
35400 0
2634 1
35403 0
2637 87
35406 0
2640 23
35409 0
2643 8
35412 0
2646 8
35415 0
2649 0
35418 0
2652 21
35421 0
2655 15
35424 1
2658 1
35427 2
2661 4
35430 0
2664 14
35433 0
2667 15
35436 0
2670 8
35439 0
2673 5
35442 0
2676 2
35445 0
2679 19
35448 0
2682 6
35451 0
2685 1
35454 0
2688 0
35457 0
2691 1
35460 0
2694 3
35463 0
2697 14
35466 0
2700 16
35469 0
2703 17
35472 0
2706 21
35475 0
2709 1
35478 0
2712 5
35481 0
2715 20
35484 0
2718 70
35487 0
2721 5
35490 1
2724 5
35493 1
2727 2
35496 1
2730 13
35499 1
2733 31
35502 1
2736 65
35505 0
2739 2
35508 0
2742 6
35511 0
2745 9
35514 1
2748 15
35517 1
2751 14
35520 0
2754 29
35523 0
2757 4
35526 0
2760 25
35529 0
2763 4
35532 0
2766 12
35535 0
2769 7
35538 0
2772 8
35541 0
2775 6
35544 1
2778 1
35547 5
2781 11
35550 2
2784 4
35553 0
2787 5
35556 0
2790 10
35559 0
2793 12
35562 1
2796 0
35565 1
2799 3
35568 1
2802 0
35571 1
2805 0
35574 1
2808 0
35577 1
2811 0
35580 0
2814 5
35583 0
2817 10
35586 0
2820 0
35589 0
2823 1
35592 0
2826 0
35595 0
2829 0
35598 0
2832 10
35601 0
2835 0
35604 0
2838 1
35607 0
2841 9
35610 0
2844 0
35613 0
2847 7
35616 0
2850 0
35619 0
2853 0
35622 0
2856 19
35625 0
2859 0
35628 0
2862 0
35631 0
2865 1
35634 0
2868 11
35637 1
2871 0
35640 1
2874 0
35643 2
2877 0
35646 3
2880 0
35649 5
2883 3
35652 3
2886 24
35655 0
2889 1
35658 0
2892 2
35661 0
2895 0
35664 1
2898 2
35667 0
2901 0
35670 2
2904 0
35673 0
2907 0
35676 0
2910 19
35679 3
2913 4
35682 3
2916 43
35685 0
2919 4
35688 0
2922 5
35691 1
2925 3
35694 0
2928 4
35697 1
2931 19
35700 1
2934 3
35703 0
2937 35
35706 1
2940 29
35709 1
2943 15
35712 0
2946 12
35715 1
2949 1
35718 3
2952 3
35721 3
2955 20
35724 3
2958 1
35727 3
2961 2
35730 1
2964 2
35733 1
2967 2
35736 2
2970 5
35739 3
2973 4
35742 1
2976 3
35745 3
2979 3
35748 2
2982 3
35751 1
2985 1
35754 0
2988 3
35757 2
2991 3
35760 0
2994 10
35763 0
2997 1
35766 0
3000 0
35769 1
3003 0
35772 0
3006 5
35775 0
3009 0
35778 1
3012 2
35781 0
3015 12
35784 0
3018 0
35787 0
3021 12
35790 0
3024 0
35793 1
3027 46
35796 0
3030 7
35799 0
3033 8
35802 1
3036 33
35805 0
3039 12
35808 0
3042 1
35811 2
3045 8
35814 2
3048 12
35817 0
3051 3
35820 1
3054 17
35823 0
3057 20
35826 0
3060 10
35829 0
3063 3
35832 1
3066 14
35835 0
3069 2
35838 0
3072 3
35841 0
3075 47
35844 0
3078 2
35847 0
3081 11
35850 0
3084 1
35853 0
3087 2
35856 2
3090 1
35859 1
3093 6
35862 0
3096 1
35865 0
3099 3
35868 0
3102 6
35871 1
3105 4
35874 0
3108 34
35877 0
3111 10
35880 1
3114 3
35883 0
3117 17
35886 0
3120 5
35889 1
3123 5
35892 1
3126 1
35895 1
3129 13
35898 2
3132 4
35901 1
3135 5
35904 1
3138 27
35907 1
3141 10
35910 0
3144 8
35913 0
3147 13
35916 1
3150 5
35919 0
3153 0
35922 0
3156 3
35925 0
3159 0
35928 0
3162 5
35931 0
3165 4
35934 0
3168 2
35937 0
3171 15
35940 0
3174 63
35943 0
3177 5
35946 0
3180 3
35949 0
3183 4
35952 0
3186 4
35955 0
3189 0
35958 1
3192 5
35961 0
3195 8
35964 0
3198 0
35967 0
3201 2
35970 0
3204 0
35973 2
3207 0
35976 2
3210 3
35979 0
3213 1
35982 0
3216 33
35985 0
3219 22
35988 0
3222 7
35991 0
3225 2
35994 1
3228 0
35997 2
3231 7
36000 1
3234 11
36003 1
3237 134
36006 0
3240 18
36009 0
3243 5
36012 0
3246 15
36015 0
3249 2
36018 0
3252 2
36021 1
3255 0
36024 1
3258 18
36027 1
3261 7
36030 0
3264 7
36033 0
3267 12
36036 0
3270 1
36039 1
3273 2
36042 0
3276 1
36045 0
3279 2
36048 0
3282 0
36051 0
3285 1
36054 0
3288 15
36057 0
3291 1
36060 0
3294 6
36063 0
3297 7
36066 1
3300 0
36069 0
3303 6
36072 3
3306 0
36075 1
3309 12
36078 3
3312 2
36081 2
3315 6
36084 1
3318 18
36087 0
3321 0
36090 0
3324 5
36093 0
3327 6
36096 0
3330 6
36099 1
3333 5
36102 0
3336 3
36105 0
3339 1
36108 1
3342 16
36111 1
3345 8
36114 1
3348 8
36117 0
3351 0
36120 1
3354 62
36123 1
3357 10
36126 0
3360 2
36129 0
3363 4
36132 0
3366 3
36135 4
3369 9
36138 1
3372 2
36141 1
3375 1
36144 1
3378 6
36147 1
3381 4
36150 3
3384 4
36153 1
3387 0
36156 1
3390 3
36159 1
3393 0
36162 0
3396 3
36165 0
3399 7
36168 0
3402 6
36171 0
3405 3
36174 0
3408 2
36177 1
3411 1
36180 1
3414 0
36183 0
3417 8
36186 1
3420 1
36189 1
3423 1
36192 0
3426 0
36195 0
3429 0
36198 0
3432 1
36201 1
3435 5
36204 1
3438 6
36207 0
3441 1
36210 0
3444 2
36213 0
3447 7
36216 1
3450 1
36219 0
3453 2
36222 1
3456 0
36225 1
3459 6
36228 0
3462 2
36231 0
3465 12
36234 0
3468 7
36237 1
3471 0
36240 1
3474 0
36243 2
3477 0
36246 1
3480 7
36249 0
3483 1
36252 1
3486 27
36255 0
3489 4
36258 0
3492 1
36261 0
3495 5
36264 0
3498 2
36267 0
3501 0
36270 0
3504 0
36273 0
3507 1
36276 0
3510 0
36279 0
3513 15
36282 1
3516 2
36285 1
3519 1
36288 1
3522 6
36291 2
3525 1
36294 1
3528 4
36297 1
3531 0
36300 1
3534 0
36303 1
3537 0
36306 1
3540 0
36309 1
3543 0
36312 0
3546 4
36315 0
3549 11
36318 1
3552 2
36321 1
3555 0
36324 0
3558 0
36327 0
3561 5
36330 1
3564 0
36333 0
3567 5
36336 0
3570 5
36339 0
3573 1
36342 0
3576 0
36345 0
3579 0
36348 0
3582 0
36351 0
3585 2
36354 0
3588 5
36357 0
3591 0
36360 0
3594 2
36363 0
3597 18
36366 0
3600 0
36369 0
3603 1
36372 0
3606 1
36375 0
3609 0
36378 0
3612 0
36381 2
3615 0
36384 1
3618 5
36387 1
3621 3
36390 1
3624 1
36393 1
3627 0
36396 0
3630 1
36399 0
3633 2
36402 0
3636 0
36405 0
3639 4
36408 0
3642 1
36411 0
3645 2
36414 0
3648 0
36417 0
3651 6
36420 0
3654 0
36423 0
3657 1
36426 0
3660 0
36429 0
3663 0
36432 0
3666 2
36435 0
3669 7
36438 0
3672 3
36441 0
3675 0
36444 0
3678 0
36447 0
3681 0
36450 0
3684 1
36453 0
3687 1
36456 0
3690 6
36459 0
3693 1
36462 0
3696 6
36465 0
3699 3
36468 0
3702 0
36471 0
3705 5
36474 0
3708 0
36477 0
3711 4
36480 0
3714 0
36483 0
3717 1
36486 0
3720 0
36489 0
3723 3
36492 0
3726 4
36495 0
3729 5
36498 0
3732 2
36501 0
3735 0
36504 0
3738 1
36507 0
3741 1
36510 0
3744 7
36513 0
3747 0
36516 0
3750 1
36519 0
3753 0
36522 0
3756 1
36525 0
3759 1
36528 1
3762 1
36531 1
3765 1
36534 0
3768 6
36537 0
3771 2
36540 0
3774 0
36543 1
3777 0
36546 1
3780 0
36549 0
3783 0
36552 0
3786 10
36555 0
3789 1
36558 0
3792 18
36561 0
3795 5
36564 0
3798 2
36567 0
3801 0
36570 1
3804 0
36573 0
3807 0
36576 0
3810 0
36579 0
3813 1
36582 0
3816 0
36585 1
3819 0
36588 0
3822 0
36591 0
3825 1
36594 0
3828 2
36597 3
3831 2
36600 1
3834 0
36603 1
3837 0
36606 1
3840 1
36609 1
3843 2
36612 2
3846 11
36615 0
3849 6
36618 0
3852 0
36621 0
3855 0
36624 0
3858 0
36627 0
3861 0
36630 0
3864 2
36633 0
3867 1
36636 2
3870 3
36639 2
3873 1
36642 0
3876 0
36645 0
3879 0
36648 0
3882 1
36651 0
3885 2
36654 0
3888 0
36657 0
3891 0
36660 0
3894 3
36663 0
3897 1
36666 1
3900 3
36669 0
3903 2
36672 0
3906 6
36675 1
3909 0
36678 0
3912 0
36681 0
3915 24
36684 0
3918 1
36687 1
3921 0
36690 0
3924 9
3927 0
3930 0
3933 15
3936 1
3939 0
3942 3
3945 1
3948 2
3951 3
3954 0
3957 1
3960 1
3963 2
3966 24
3969 7
3972 0
3975 2
3978 1
3981 10
3984 1
3987 0
3990 3
3993 0
3996 6
3999 29
4002 4
4005 0
4008 5
4011 0
4014 3
4017 9
4020 1
4023 2
4026 2
4029 0
4032 0
4035 1
4038 3
4041 2
4044 0
4047 0
4050 1
4053 1
4056 28
4059 1
4062 9
4065 23
4068 2
4071 15
4074 18
4077 8
4080 10
4083 4
4086 6
4089 1
4092 16
4095 3
4098 10
4101 0
4104 12
4107 0
4110 0
4113 8
4116 1
4119 7
4122 2
4125 8
4128 12
4131 16
4134 2
4137 1
4140 8
4143 4
4146 4
4149 10
4152 57
4155 6
4158 0
4161 7
4164 11
4167 21
4170 18
4173 20
4176 16
4179 7
4182 27
4185 13
4188 2
4191 20
4194 2
4197 28
4200 6
4203 19
4206 7
4209 12
4212 0
4215 4
4218 14
4221 16
4224 20
4227 28
4230 20
4233 5
4236 8
4239 15
4242 2
4245 8
4248 16
4251 2
4254 5
4257 1
4260 3
4263 4
4266 0
4269 2
4272 9
4275 7
4278 0
4281 17
4284 5
4287 3
4290 1
4293 27
4296 6
4299 1
4302 7
4305 21
4308 5
4311 2
4314 5
4317 5
4320 1
4323 19
4326 1
4329 3
4332 1
4335 10
4338 2
4341 2
4344 1
4347 1
4350 2
4353 6
4356 15
4359 2
4362 9
4365 22
4368 5
4371 18
4374 15
4377 6
4380 5
4383 1
4386 7
4389 2
4392 18
4395 7
4398 60
4401 2
4404 1
4407 0
4410 2
4413 4
4416 0
4419 0
4422 0
4425 0
4428 0
4431 1
4434 1
4437 0
4440 19
4443 0
4446 0
4449 1
4452 9
4455 12
4458 1
4461 10
4464 1
4467 6
4470 2
4473 0
4476 4
4479 2
4482 2
4485 2
4488 8
4491 0
4494 2
4497 13
4500 2
4503 3
4506 6
4509 5
4512 1
4515 12
4518 0
4521 27
4524 36
4527 7
4530 23
4533 2
4536 3
4539 5
4542 20
4545 9
4548 5
4551 12
4554 1
4557 1
4560 7
4563 5
4566 5
4569 21
4572 14
4575 2
4578 9
4581 1
4584 4
4587 3
4590 3
4593 0
4596 0
4599 9
4602 1
4605 27
4608 7
4611 21
4614 4
4617 9
4620 0
4623 4
4626 4
4629 1
4632 0
4635 0
4638 0
4641 0
4644 4
4647 3
4650 2
4653 0
4656 1
4659 0
4662 1
4665 1
4668 0
4671 5
4674 1
4677 26
4680 17
4683 11
4686 9
4689 7
4692 19
4695 6
4698 3
4701 8
4704 33
4707 4
4710 2
4713 4
4716 19
4719 10
4722 3
4725 2
4728 6
4731 3
4734 3
4737 48
4740 14
4743 2
4746 128
4749 1
4752 13
4755 123
4758 17
4761 1
4764 0
4767 14
4770 5
4773 2
4776 3
4779 1
4782 1
4785 2
4788 0
4791 10
4794 3
4797 1
4800 14
4803 0
4806 0
4809 14
4812 7
4815 16
4818 4
4821 5
4824 3
4827 22
4830 3
4833 3
4836 10
4839 11
4842 18
4845 1
4848 1
4851 5
4854 1
4857 0
4860 2
4863 8
4866 4
4869 3
4872 2
4875 1
4878 10
4881 0
4884 13
4887 3
4890 6
4893 2
4896 3
4899 2
4902 2
4905 1
4908 3
4911 2
4914 1
4917 2
4920 3
4923 2
4926 2
4929 2
4932 1
4935 1
4938 2
4941 1
4944 1
4947 10
4950 1
4953 1
4956 1
4959 2
4962 1
4965 1
4968 1
4971 1
4974 1
4977 3
4980 1
4983 8
4986 1
4989 1
4992 1
4995 8
4998 1
5001 4
5004 1
5007 1
5010 8
5013 0
5016 0
5019 0
5022 64
5025 2
5028 3
5031 0
5034 0
5037 1
5040 1
5043 1
5046 8
5049 3
5052 18
5055 0
5058 0
5061 6
5064 0
5067 4
5070 8
5073 2
5076 6
5079 0
5082 6
5085 0
5088 7
5091 4
5094 0
5097 0
5100 3
5103 4
5106 0
5109 1
5112 2
5115 0
5118 9
5121 1
5124 0
5127 0
5130 8
5133 2
5136 2
5139 2
5142 7
5145 6
5148 26
5151 1
5154 2
5157 8
5160 2
5163 4
5166 6
5169 0
5172 7
5175 2
5178 4
5181 0
5184 3
5187 4
5190 3
5193 13
5196 16
5199 15
5202 22
5205 10
5208 13
5211 14
5214 12
5217 40
5220 47
5223 17
5226 24
5229 1
5232 1
5235 4
5238 1
5241 2
5244 6
5247 2
5250 3
5253 8
5256 35
5259 33
5262 1
5265 4
5268 1
5271 7
5274 8
5277 29
5280 4
5283 2
5286 26
5289 1
5292 4
5295 13
5298 1
5301 13
5304 2
5307 4
5310 1
5313 5
5316 13
5319 7
5322 7
5325 1
5328 2
5331 7
5334 4
5337 1
5340 5
5343 6
5346 3
5349 2
5352 8
5355 4
5358 4
5361 1
5364 2
5367 1
5370 1
5373 2
5376 21
5379 4
5382 27
5385 4
5388 2
5391 7
5394 6
5397 3
5400 9
5403 2
5406 34
5409 2
5412 6
5415 8
5418 12
5421 4
5424 9
5427 4
5430 10
5433 4
5436 3
5439 2
5442 1
5445 1
5448 2
5451 11
5454 2
5457 1
5460 9
5463 3
5466 11
5469 8
5472 3
5475 1
5478 7
5481 3
5484 3
5487 3
5490 19
5493 2
5496 7
5499 6
5502 2
5505 22
5508 0
5511 3
5514 1
5517 7
5520 0
5523 0
5526 2
5529 2
5532 1
5535 2
5538 2
5541 1
5544 1
5547 1
5550 3
5553 7
5556 4
5559 1
5562 2
5565 6
5568 1
5571 1
5574 2
5577 1
5580 1
5583 1
5586 4
5589 1
5592 1
5595 1
5598 1
5601 1
5604 1
5607 1
5610 1
5613 1
5616 1
5619 1
5622 1
5625 6
5628 1
5631 1
5634 3
5637 10
5640 2
5643 2
5646 1
5649 4
5652 4
5655 2
5658 6
5661 4
5664 2
5667 0
5670 1
5673 3
5676 9
5679 2
5682 6
5685 1
5688 2
5691 5
5694 2
5697 2
5700 5
5703 3
5706 1
5709 3
5712 2
5715 6
5718 2
5721 1
5724 0
5727 8
5730 0
5733 46
5736 4
5739 1
5742 8
5745 9
5748 7
5751 1
5754 4
5757 1
5760 0
5763 0
5766 21
5769 13
5772 3
5775 10
5778 6
5781 2
5784 0
5787 1
5790 0
5793 4
5796 4
5799 9
5802 2
5805 0
5808 0
5811 0
5814 0
5817 1
5820 0
5823 3
5826 2
5829 3
5832 2
5835 0
5838 4
5841 0
5844 2
5847 1
5850 3
5853 24
5856 1
5859 1
5862 0
5865 0
5868 0
5871 0
5874 4
5877 2
5880 2
5883 9
5886 0
5889 0
5892 2
5895 0
5898 0
5901 3
5904 0
5907 6
5910 0
5913 1
5916 3
5919 4
5922 0
5925 1
5928 6
5931 1
5934 2
5937 2
5940 1
5943 30
5946 4
5949 2
5952 5
5955 3
5958 1
5961 2
5964 4
5967 1
5970 10
5973 0
5976 9
5979 1
5982 0
5985 4
5988 5
5991 6
5994 1
5997 4
6000 0
6003 4
6006 1
6009 10
6012 1
6015 11
6018 15
6021 0
6024 6
6027 0
6030 1
6033 17
6036 0
6039 1
6042 0
6045 0
6048 13
6051 11
6054 0
6057 6
6060 2
6063 12
6066 5
6069 7
6072 10
6075 2
6078 1
6081 8
6084 12
6087 12
6090 4
6093 0
6096 1
6099 0
6102 0
6105 4
6108 0
6111 15
6114 2
6117 4
6120 4
6123 0
6126 5
6129 4
6132 0
6135 2
6138 0
6141 2
6144 14
6147 1
6150 6
6153 6
6156 6
6159 0
6162 0
6165 2
6168 5
6171 0
6174 0
6177 4
6180 5
6183 0
6186 0
6189 8
6192 3
6195 0
6198 7
6201 1
6204 3
6207 0
6210 12
6213 5
6216 4
6219 0
6222 0
6225 4
6228 0
6231 23
6234 2
6237 0
6240 0
6243 2
6246 1
6249 3
6252 2
6255 8
6258 7
6261 2
6264 1
6267 2
6270 2
6273 0
6276 7
6279 8
6282 2
6285 0
6288 0
6291 0
6294 2
6297 11
6300 0
6303 4
6306 0
6309 0
6312 2
6315 0
6318 0
6321 2
6324 5
6327 7
6330 1
6333 0
6336 3
6339 0
6342 3
6345 0
6348 0
6351 0
6354 2
6357 30
6360 1
6363 3
6366 3
6369 0
6372 6
6375 0
6378 7
6381 0
6384 0
6387 1
6390 2
6393 0
6396 0
6399 2
6402 0
6405 25
6408 1
6411 0
6414 4
6417 0
6420 3
6423 0
6426 1
6429 9
6432 0
6435 0
6438 0
6441 1
6444 0
6447 7
6450 0
6453 0
6456 0
6459 2
6462 1
6465 3
6468 0
6471 0
6474 0
6477 1
6480 1
6483 0
6486 6
6489 0
6492 1
6495 3
6498 0
6501 3
6504 0
6507 2
6510 0
6513 4
6516 0
6519 1
6522 3
6525 1
6528 1
6531 1
6534 1
6537 1
6540 2
6543 2
6546 0
6549 0
6552 3
6555 0
6558 0
6561 3
6564 0
6567 3
6570 8
6573 1
6576 2
6579 0
6582 5
6585 1
6588 0
6591 2
6594 0
6597 2
6600 2
6603 0
6606 2
6609 7
6612 0
6615 2
6618 1
6621 1
6624 0
6627 1
6630 0
6633 6
6636 1
6639 0
6642 0
6645 6
6648 1
6651 0
6654 16
6657 5
6660 0
6663 2
6666 2
6669 6
6672 1
6675 0
6678 10
6681 6
6684 3
6687 5
6690 1
6693 1
6696 2
6699 1
6702 4
6705 1
6708 1
6711 0
6714 1
6717 1
6720 0
6723 0
6726 0
6729 0
6732 1
6735 7
6738 4
6741 2
6744 2
6747 0
6750 2
6753 1
6756 0
6759 1
6762 0
6765 1
6768 2
6771 0
6774 0
6777 0
6780 0
6783 13
6786 13
6789 3
6792 3
6795 3
6798 5
6801 11
6804 1
6807 3
6810 6
6813 0
6816 4
6819 3
6822 1
6825 7
6828 13
6831 13
6834 16
6837 1
6840 9
6843 0
6846 7
6849 1
6852 1
6855 7
6858 1
6861 6
6864 8
6867 12
6870 4
6873 5
6876 12
6879 2
6882 2
6885 1
6888 0
6891 7
6894 17
6897 2
6900 1
6903 5
6906 19
6909 6
6912 26
6915 1
6918 11
6921 25
6924 4
6927 3
6930 34
6933 0
6936 1
6939 0
6942 5
6945 0
6948 4
6951 4
6954 0
6957 28
6960 18
6963 0
6966 10
6969 0
6972 2
6975 0
6978 1
6981 2
6984 0
6987 0
6990 0
6993 2
6996 1
6999 3
7002 1
7005 16
7008 16
7011 0
7014 4
7017 0
7020 0
7023 2
7026 1
7029 0
7032 13
7035 0
7038 0
7041 1
7044 1
7047 7
7050 10
7053 1
7056 0
7059 11
7062 0
7065 6
7068 0
7071 0
7074 16
7077 0
7080 16
7083 1
7086 1
7089 13
7092 5
7095 22
7098 1
7101 1
7104 1
7107 5
7110 1
7113 11
7116 2
7119 7
7122 2
7125 2
7128 11
7131 5
7134 1
7137 1
7140 8
7143 1
7146 6
7149 3
7152 1
7155 32
7158 3
7161 3
7164 1
7167 10
7170 5
7173 1
7176 8
7179 7
7182 1
7185 1
7188 11
7191 1
7194 1
7197 5
7200 11
7203 14
7206 2
7209 3
7212 2
7215 5
7218 6
7221 2
7224 1
7227 5
7230 2
7233 1
7236 5
7239 1
7242 1
7245 2
7248 17
7251 1
7254 1
7257 1
7260 4
7263 1
7266 2
7269 8
7272 3
7275 3
7278 3
7281 16
7284 4
7287 1
7290 1
7293 2
7296 1
7299 2
7302 10
7305 1
7308 8
7311 4
7314 2
7317 1
7320 10
7323 3
7326 7
7329 2
7332 1
7335 2
7338 1
7341 1
7344 4
7347 1
7350 2
7353 4
7356 2
7359 1
7362 2
7365 1
7368 2
7371 1
7374 2
7377 1
7380 1
7383 1
7386 32
7389 3
7392 1
7395 5
7398 11
7401 19
7404 2
7407 3
7410 6
7413 1
7416 4
7419 1
7422 7
7425 1
7428 27
7431 2
7434 3
7437 8
7440 4
7443 5
7446 5
7449 1
7452 1
7455 4
7458 3
7461 2
7464 3
7467 10
7470 1
7473 1
7476 1
7479 3
7482 1
7485 1
7488 2
7491 14
7494 1
7497 1
7500 1
7503 22
7506 4
7509 4
7512 9
7515 25
7518 0
7521 7
7524 0
7527 15
7530 5
7533 4
7536 1
7539 1
7542 0
7545 12
7548 6
7551 8
7554 5
7557 2
7560 0
7563 2
7566 2
7569 1
7572 2
7575 0
7578 5
7581 6
7584 5
7587 0
7590 0
7593 2
7596 1
7599 0
7602 0
7605 2
7608 0
7611 5
7614 2
7617 2
7620 1
7623 2
7626 1
7629 8
7632 2
7635 6
7638 8
7641 27
7644 0
7647 1
7650 0
7653 6
7656 2
7659 1
7662 4
7665 4
7668 4
7671 1
7674 5
7677 1
7680 4
7683 1
7686 0
7689 1
7692 8
7695 6
7698 2
7701 6
7704 1
7707 0
7710 2
7713 1
7716 1
7719 1
7722 3
7725 0
7728 5
7731 1
7734 0
7737 5
7740 2
7743 3
7746 0
7749 8
7752 1
7755 0
7758 1
7761 4
7764 2
7767 0
7770 0
7773 1
7776 1
7779 5
7782 0
7785 3
7788 0
7791 0
7794 5
7797 6
7800 7
7803 3
7806 1
7809 0
7812 5
7815 6
7818 0
7821 11
7824 0
7827 1
7830 1
7833 2
7836 1
7839 1
7842 3
7845 2
7848 14
7851 0
7854 2
7857 1
7860 1
7863 11
7866 0
7869 2
7872 0
7875 1
7878 1
7881 1
7884 0
7887 0
7890 2
7893 3
7896 0
7899 2
7902 0
7905 1
7908 0
7911 0
7914 0
7917 0
7920 1
7923 2
7926 0
7929 0
7932 2
7935 1
7938 6
7941 6
7944 2
7947 9
7950 1
7953 3
7956 4
7959 1
7962 6
7965 1
7968 5
7971 1
7974 4
7977 5
7980 4
7983 3
7986 37
7989 4
7992 5
7995 2
7998 7
8001 20
8004 8
8007 1
8010 4
8013 3
8016 7
8019 3
8022 1
8025 14
8028 1
8031 13
8034 5
8037 1
8040 5
8043 2
8046 4
8049 3
8052 2
8055 2
8058 1
8061 2
8064 3
8067 0
8070 1
8073 0
8076 1
8079 0
8082 0
8085 4
8088 0
8091 0
8094 1
8097 0
8100 0
8103 5
8106 3
8109 0
8112 0
8115 0
8118 2
8121 2
8124 1
8127 0
8130 3
8133 0
8136 0
8139 0
8142 2
8145 0
8148 0
8151 0
8154 0
8157 1
8160 4
8163 1
8166 3
8169 4
8172 0
8175 2
8178 1
8181 0
8184 0
8187 0
8190 0
8193 4
8196 0
8199 0
8202 1
8205 2
8208 0
8211 1
8214 2
8217 2
8220 6
8223 16
8226 1
8229 1
8232 6
8235 3
8238 3
8241 7
8244 1
8247 2
8250 1
8253 2
8256 1
8259 1
8262 0
8265 0
8268 0
8271 4
8274 0
8277 0
8280 1
8283 0
8286 3
8289 0
8292 0
8295 0
8298 0
8301 0
8304 0
8307 0
8310 3
8313 0
8316 1
8319 5
8322 8
8325 4
8328 0
8331 3
8334 1
8337 1
8340 14
8343 1
8346 2
8349 2
8352 1
8355 1
8358 5
8361 2
8364 5
8367 1
8370 1
8373 1
8376 7
8379 6
8382 1
8385 1
8388 3
8391 8
8394 4
8397 2
8400 2
8403 14
8406 2
8409 1
8412 2
8415 1
8418 1
8421 2
8424 1
8427 1
8430 2
8433 1
8436 1
8439 2
8442 0
8445 1
8448 0
8451 0
8454 0
8457 2
8460 0
8463 2
8466 1
8469 5
8472 1
8475 0
8478 4
8481 0
8484 3
8487 0
8490 0
8493 0
8496 2
8499 0
8502 0
8505 1
8508 0
8511 5
8514 4
8517 0
8520 0
8523 0
8526 0
8529 7
8532 0
8535 0
8538 0
8541 1
8544 1
8547 0
8550 0
8553 0
8556 25
8559 9
8562 0
8565 7
8568 3
8571 3
8574 0
8577 0
8580 13
8583 3
8586 0
8589 5
8592 0
8595 0
8598 0
8601 0
8604 0
8607 0
8610 0
8613 0
8616 0
8619 0
8622 0
8625 0
8628 0
8631 0
8634 0
8637 0
8640 1
8643 0
8646 1
8649 2
8652 1
8655 11
8658 1
8661 0
8664 1
8667 1
8670 3
8673 1
8676 1
8679 0
8682 1
8685 6
8688 0
8691 0
8694 15
8697 0
8700 2
8703 3
8706 11
8709 3
8712 1
8715 4
8718 3
8721 1
8724 2
8727 0
8730 0
8733 0
8736 4
8739 2
8742 2
8745 2
8748 4
8751 6
8754 2
8757 0
8760 4
8763 12
8766 1
8769 0
8772 0
8775 0
8778 0
8781 0
8784 0
8787 3
8790 1
8793 2
8796 0
8799 0
8802 0
8805 0
8808 1
8811 0
8814 0
8817 0
8820 0
8823 0
8826 0
8829 0
8832 0
8835 0
8838 0
8841 0
8844 0
8847 1
8850 2
8853 0
8856 3
8859 0
8862 0
8865 0
8868 0
8871 2
8874 0
8877 0
8880 0
8883 8
8886 0
8889 0
8892 1
8895 0
8898 0
8901 1
8904 2
8907 0
8910 0
8913 0
8916 0
8919 0
8922 0
8925 0
8928 0
8931 10
8934 0
8937 0
8940 0
8943 5
8946 0
8949 0
8952 2
8955 2
8958 0
8961 1
8964 0
8967 0
8970 3
8973 1
8976 0
8979 6
8982 3
8985 3
8988 1
8991 1
8994 3
8997 1
9000 1
9003 0
9006 0
9009 8
9012 0
9015 3
9018 1
9021 4
9024 5
9027 0
9030 1
9033 0
9036 0
9039 0
9042 1
9045 1
9048 0
9051 0
9054 0
9057 0
9060 2
9063 0
9066 0
9069 0
9072 0
9075 0
9078 2
9081 1
9084 0
9087 0
9090 0
9093 0
9096 1
9099 0
9102 4
9105 2
9108 0
9111 0
9114 3
9117 2
9120 2
9123 3
9126 1
9129 25
9132 10
9135 16
9138 1
9141 1
9144 2
9147 5
9150 1
9153 4
9156 2
9159 1
9162 0
9165 4
9168 1
9171 2
9174 6
9177 1
9180 1
9183 5
9186 2
9189 1
9192 1
9195 1
9198 1
9201 1
9204 1
9207 1
9210 1
9213 1
9216 4
9219 1
9222 1
9225 8
9228 4
9231 4
9234 1
9237 1
9240 1
9243 1
9246 1
9249 1
9252 3
9255 6
9258 2
9261 6
9264 1
9267 2
9270 1
9273 1
9276 5
9279 1
9282 1
9285 2
9288 2
9291 5
9294 3
9297 4
9300 17
9303 2
9306 2
9309 3
9312 1
9315 1
9318 1
9321 4
9324 1
9327 3
9330 4
9333 1
9336 3
9339 9
9342 3
9345 10
9348 3
9351 0
9354 3
9357 5
9360 0
9363 0
9366 3
9369 1
9372 0
9375 4
9378 0
9381 0
9384 0
9387 0
9390 3
9393 2
9396 0
9399 0
9402 0
9405 0
9408 0
9411 0
9414 0
9417 0
9420 2
9423 1
9426 2
9429 1
9432 0
9435 0
9438 0
9441 0
9444 2
9447 0
9450 0
9453 0
9456 0
9459 0
9462 0
9465 0
9468 1
9471 0
9474 6
9477 4
9480 0
9483 1
9486 7
9489 1
9492 0
9495 1
9498 1
9501 4
9504 32
9507 0
9510 4
9513 2
9516 1
9519 1
9522 1
9525 1
9528 2
9531 15
9534 1
9537 2
9540 1
9543 1
9546 1
9549 3
9552 1
9555 1
9558 1
9561 4
9564 1
9567 2
9570 1
9573 1
9576 1
9579 5
9582 1
9585 1
9588 2
9591 1
9594 12
9597 1
9600 1
9603 2
9606 1
9609 1
9612 1
9615 1
9618 2
9621 1
9624 2
9627 2
9630 1
9633 1
9636 5
9639 1
9642 2
9645 3
9648 3
9651 1
9654 0
9657 0
9660 0
9663 0
9666 0
9669 0
9672 0
9675 0
9678 0
9681 0
9684 0
9687 0
9690 0
9693 0
9696 0
9699 0
9702 0
9705 0
9708 0
9711 0
9714 0
9717 0
9720 0
9723 0
9726 0
9729 0
9732 0
9735 0
9738 0
9741 0
9744 0
9747 0
9750 0
9753 0
9756 0
9759 0
9762 0
9765 0
9768 2
9771 0
9774 0
9777 0
9780 0
9783 0
9786 3
9789 0
9792 0
9795 0
9798 0
9801 2
9804 2
9807 0
9810 1
9813 0
9816 0
9819 3
9822 3
9825 10
9828 2
9831 0
9834 0
9837 2
9840 0
9843 1
9846 0
9849 0
9852 0
9855 0
9858 0
9861 11
9864 1
9867 3
9870 2
9873 1
9876 1
9879 1
9882 0
9885 10
9888 16
9891 4
9894 2
9897 3
9900 1
9903 2
9906 3
9909 18
9912 2
9915 4
9918 5
9921 7
9924 1
9927 2
9930 1
9933 5
9936 1
9939 1
9942 9
9945 1
9948 1
9951 3
9954 2
9957 2
9960 2
9963 2
9966 1
9969 5
9972 5
9975 1
9978 3
9981 8
9984 5
9987 1
9990 1
9993 1
9996 1
9999 1
10002 1
10005 1
10008 1
10011 1
10014 0
10017 2
10020 2
10023 1
10026 1
10029 1
10032 9
10035 2
10038 3
10041 2
10044 1
10047 1
10050 2
10053 3
10056 1
10059 1
10062 1
10065 3
10068 1
10071 1
10074 1
10077 1
10080 1
10083 1
10086 2
10089 1
10092 1
10095 1
10098 1
10101 1
10104 1
10107 1
10110 2
10113 1
10116 0
10119 0
10122 0
10125 0
10128 0
10131 0
10134 0
10137 0
10140 0
10143 0
10146 0
10149 1
10152 2
10155 1
10158 0
10161 1
10164 0
10167 0
10170 0
10173 0
10176 3
10179 2
10182 0
10185 2
10188 0
10191 0
10194 1
10197 0
10200 3
10203 3
10206 0
10209 2
10212 14
10215 0
10218 0
10221 1
10224 1
10227 1
10230 1
10233 0
10236 1
10239 1
10242 1
10245 3
10248 1
10251 0
10254 0
10257 0
10260 0
10263 1
10266 1
10269 0
10272 1
10275 0
10278 6
10281 26
10284 0
10287 0
10290 1
10293 0
10296 0
10299 0
10302 8
10305 4
10308 1
10311 0
10314 1
10317 3
10320 0
10323 0
10326 0
10329 1
10332 1
10335 1
10338 5
10341 4
10344 2
10347 2
10350 3
10353 3
10356 2
10359 10
10362 0
10365 1
10368 1
10371 0
10374 6
10377 1
10380 0
10383 0
10386 0
10389 0
10392 0
10395 0
10398 0
10401 0
10404 1
10407 0
10410 0
10413 0
10416 2
10419 0
10422 0
10425 0
10428 1
10431 0
10434 3
10437 0
10440 2
10443 9
10446 0
10449 0
10452 0
10455 1
10458 8
10461 0
10464 0
10467 0
10470 3
10473 2
10476 5
10479 0
10482 7
10485 1
10488 2
10491 1
10494 0
10497 1
10500 0
10503 0
10506 3
10509 2
10512 1
10515 0
10518 0
10521 5
10524 4
10527 0
10530 1
10533 2
10536 2
10539 3
10542 3
10545 0
10548 0
10551 0
10554 0
10557 7
10560 3
10563 0
10566 0
10569 0
10572 1
10575 1
10578 0
10581 0
10584 0
10587 2
10590 7
10593 0
10596 3
10599 0
10602 0
10605 2
10608 6
10611 3
10614 0
10617 0
10620 7
10623 5
10626 0
10629 0
10632 0
10635 0
10638 0
10641 3
10644 0
10647 5
10650 0
10653 0
10656 0
10659 0
10662 9
10665 1
10668 0
10671 1
10674 0
10677 1
10680 9
10683 3
10686 0
10689 5
10692 6
10695 3
10698 1
10701 1
10704 1
10707 4
10710 4
10713 1
10716 4
10719 5
10722 3
10725 1
10728 1
10731 2
10734 3
10737 1
10740 1
10743 2
10746 1
10749 1
10752 2
10755 2
10758 3
10761 3
10764 1
10767 1
10770 1
10773 0
10776 1
10779 0
10782 0
10785 0
10788 0
10791 2
10794 0
10797 4
10800 2
10803 12
10806 3
10809 0
10812 0
10815 11
10818 1
10821 6
10824 6
10827 6
10830 12
10833 30
10836 1
10839 1
10842 20
10845 11
10848 8
10851 2
10854 2
10857 0
10860 8
10863 2
10866 2
10869 1
10872 6
10875 2
10878 1
10881 4
10884 5
10887 1
10890 2
10893 13
10896 2
10899 2
10902 4
10905 3
10908 0
10911 0
10914 1
10917 1
10920 6
10923 1
10926 0
10929 7
10932 1
10935 2
10938 0
10941 6
10944 2
10947 0
10950 1
10953 5
10956 0
10959 20
10962 3
10965 1
10968 0
10971 0
10974 0
10977 0
10980 1
10983 0
10986 1
10989 0
10992 1
10995 1
10998 1
11001 0
11004 0
11007 3
11010 0
11013 1
11016 7
11019 0
11022 0
11025 1
11028 3
11031 3
11034 1
11037 1
11040 6
11043 3
11046 0
11049 5
11052 1
11055 3
11058 4
11061 3
11064 7
11067 2
11070 0
11073 2
11076 4
11079 2
11082 2
11085 6
11088 3
11091 2
11094 1
11097 2
11100 1
11103 2
11106 1
11109 5
11112 1
11115 3
11118 1
11121 4
11124 1
11127 2
11130 3
11133 1
11136 0
11139 0
11142 0
11145 0
11148 0
11151 0
11154 0
11157 1
11160 0
11163 0
11166 0
11169 0
11172 3
11175 1
11178 4
11181 2
11184 1
11187 3
11190 10
11193 2
11196 5
11199 5
11202 2
11205 3
11208 1
11211 1
11214 8
11217 4
11220 2
11223 1
11226 1
11229 4
11232 2
11235 1
11238 3
11241 1
11244 1
11247 2
11250 7
11253 1
11256 2
11259 4
11262 2
11265 1
11268 1
11271 3
11274 1
11277 1
11280 1
11283 2
11286 3
11289 3
11292 1
11295 1
11298 7
11301 4
11304 3
11307 2
11310 3
11313 1
11316 1
11319 2
11322 1
11325 4
11328 1
11331 1
11334 1
11337 4
11340 6
11343 1
11346 5
11349 1
11352 5
11355 1
11358 3
11361 2
11364 1
11367 3
11370 4
11373 1
11376 2
11379 5
11382 2
11385 4
11388 3
11391 2
11394 10
11397 2
11400 1
11403 1
11406 1
11409 3
11412 0
11415 0
11418 3
11421 1
11424 0
11427 0
11430 4
11433 0
11436 1
11439 1
11442 0
11445 7
11448 0
11451 0
11454 1
11457 1
11460 0
11463 0
11466 0
11469 2
11472 1
11475 1
11478 1
11481 1
11484 1
11487 1
11490 1
11493 2
11496 12
11499 1
11502 1
11505 1
11508 1
11511 2
11514 2
11517 2
11520 1
11523 1
11526 4
11529 1
11532 1
11535 1
11538 1
11541 1
11544 1
11547 3
11550 1
11553 1
11556 1
11559 1
11562 1
11565 1
11568 1
11571 1
11574 1
11577 1
11580 1
11583 1
11586 1
11589 1
11592 16
11595 1
11598 9
11601 1
11604 2
11607 4
11610 1
11613 1
11616 2
11619 4
11622 2
11625 4
11628 8
11631 13
11634 6
11637 4
11640 3
11643 1
11646 1
11649 1
11652 1
11655 3
11658 0
11661 1
11664 2
11667 4
11670 3
11673 1
11676 2
11679 2
11682 0
11685 0
11688 3
11691 0
11694 4
11697 0
11700 2
11703 0
11706 1
11709 1
11712 4
11715 12
11718 2
11721 1
11724 0
11727 0
11730 0
11733 0
11736 0
11739 0
11742 0
11745 8
11748 2
11751 2
11754 6
11757 0
11760 1
11763 0
11766 0
11769 2
11772 1
11775 0
11778 0
11781 0
11784 0
11787 0
11790 0
11793 0
11796 1
11799 2
11802 2
11805 2
11808 2
11811 4
11814 2
11817 1
11820 2
11823 1
11826 1
11829 1
11832 2
11835 1
11838 1
11841 1
11844 1
11847 1
11850 1
11853 1
11856 1
11859 1
11862 1
11865 1
11868 2
11871 1
11874 1
11877 3
11880 1
11883 1
11886 1
11889 1
11892 1
11895 1
11898 1
11901 1
11904 2
11907 1
11910 1
11913 1
11916 1
11919 1
11922 3
11925 3
11928 10
11931 4
11934 2
11937 3
11940 2
11943 1
11946 1
11949 1
11952 13
11955 2
11958 2
11961 1
11964 2
11967 3
11970 2
11973 1
11976 2
11979 0
11982 0
11985 4
11988 0
11991 4
11994 1
11997 5
12000 0
12003 0
12006 1
12009 2
12012 8
12015 4
12018 1
12021 0
12024 0
12027 0
12030 0
12033 0
12036 0
12039 2
12042 0
12045 0
12048 6
12051 1
12054 2
12057 0
12060 0
12063 0
12066 0
12069 0
12072 0
12075 0
12078 1
12081 1
12084 4
12087 2
12090 4
12093 1
12096 1
12099 2
12102 6
12105 1
12108 2
12111 2
12114 1
12117 1
12120 1
12123 2
12126 1
12129 3
12132 1
12135 2
12138 3
12141 1
12144 2
12147 1
12150 3
12153 2
12156 2
12159 1
12162 1
12165 5
12168 1
12171 1
12174 6
12177 1
12180 6
12183 1
12186 1
12189 2
12192 5
12195 5
12198 2
12201 4
12204 2
12207 0
12210 0
12213 0
12216 0
12219 0
12222 0
12225 0
12228 0
12231 0
12234 0
12237 0
12240 0
12243 1
12246 2
12249 1
12252 2
12255 7
12258 5
12261 1
12264 7
12267 1
12270 2
12273 1
12276 1
12279 2
12282 2
12285 2
12288 3
12291 7
12294 4
12297 1
12300 2
12303 1
12306 1
12309 0
12312 1
12315 0
12318 6
12321 3
12324 0
12327 5
12330 3
12333 2
12336 1
12339 5
12342 3
12345 1
12348 2
12351 0
12354 3
12357 0
12360 0
12363 5
12366 0
12369 1
12372 0
12375 0
12378 0
12381 3
12384 2
12387 0
12390 0
12393 0
12396 0
12399 1
12402 0
12405 1
12408 0
12411 1
12414 1
12417 1
12420 0
12423 7
12426 0
12429 0
12432 3
12435 1
12438 1
12441 0
12444 1
12447 6
12450 4
12453 1
12456 4
12459 0
12462 1
12465 2
12468 0
12471 6
12474 1
12477 0
12480 1
12483 0
12486 0
12489 1
12492 0
12495 0
12498 0
12501 0
12504 0
12507 0
12510 0
12513 1
12516 0
12519 0
12522 0
12525 0
12528 0
12531 0
12534 0
12537 0
12540 1
12543 0
12546 0
12549 1
12552 0
12555 0
12558 1
12561 1
12564 0
12567 0
12570 0
12573 0
12576 0
12579 0
12582 0
12585 0
12588 0
12591 0
12594 2
12597 0
12600 0
12603 0
12606 2
12609 0
12612 0
12615 0
12618 0
12621 0
12624 0
12627 0
12630 0
12633 1
12636 0
12639 0
12642 0
12645 0
12648 0
12651 0
12654 0
12657 0
12660 0
12663 1
12666 0
12669 1
12672 0
12675 3
12678 0
12681 0
12684 1
12687 7
12690 2
12693 0
12696 0
12699 0
12702 0
12705 1
12708 1
12711 0
12714 0
12717 0
12720 1
12723 0
12726 0
12729 0
12732 0
12735 1
12738 0
12741 0
12744 3
12747 5
12750 0
12753 1
12756 1
12759 0
12762 0
12765 11
12768 0
12771 1
12774 2
12777 0
12780 1
12783 2
12786 5
12789 0
12792 2
12795 1
12798 0
12801 0
12804 0
12807 0
12810 0
12813 0
12816 0
12819 2
12822 0
12825 0
12828 0
12831 0
12834 0
12837 0
12840 0
12843 1
12846 0
12849 0
12852 1
12855 0
12858 0
12861 0
12864 0
12867 3
12870 0
12873 0
12876 0
12879 0
12882 1
12885 1
12888 2
12891 0
12894 0
12897 2
12900 0
12903 4
12906 1
12909 0
12912 0
12915 0
12918 1
12921 0
12924 0
12927 2
12930 0
12933 1
12936 0
12939 0
12942 0
12945 5
12948 0
12951 5
12954 1
12957 0
12960 3
12963 0
12966 0
12969 0
12972 0
12975 0
12978 0
12981 3
12984 0
12987 0
12990 1
12993 5
12996 0
12999 5
13002 10
13005 1
13008 2
13011 0
13014 0
13017 0
13020 1
13023 1
13026 0
13029 0
13032 0
13035 0
13038 2
13041 0
13044 0
13047 0
13050 1
13053 0
13056 0
13059 2
13062 1
13065 0
13068 0
13071 1
13074 0
13077 0
13080 3
13083 1
13086 0
13089 0
13092 1
13095 16
13098 0
13101 0
13104 2
13107 2
13110 0
13113 4
13116 4
13119 1
13122 3
13125 2
13128 8
13131 3
13134 10
13137 1
13140 1
13143 4
13146 2
13149 3
13152 3
13155 1
13158 1
13161 5
13164 0
13167 2
13170 1
13173 0
13176 0
13179 1
13182 0
13185 0
13188 1
13191 3
13194 4
13197 8
13200 18
13203 5
13206 3
13209 0
13212 0
13215 1
13218 1
13221 2
13224 1
13227 1
13230 1
13233 0
13236 1
13239 1
13242 2
13245 3
13248 1
13251 0
13254 0
13257 1
13260 2
13263 1
13266 2
13269 2
13272 1
13275 0
13278 0
13281 1
13284 1
13287 0
13290 0
13293 2
13296 0
13299 0
13302 0
13305 0
13308 0
13311 0
13314 0
13317 0
13320 2
13323 0
13326 2
13329 0
13332 0
13335 0
13338 0
13341 0
13344 0
13347 0
13350 0
13353 0
13356 1
13359 0
13362 0
13365 0
13368 1
13371 0
13374 0
13377 0
13380 0
13383 0
13386 0
13389 0
13392 0
13395 0
13398 1
13401 1
13404 2
13407 1
13410 7
13413 4
13416 0
13419 9
13422 6
13425 1
13428 1
13431 1
13434 0
13437 0
13440 0
13443 0
13446 0
13449 1
13452 0
13455 0
13458 0
13461 0
13464 0
13467 0
13470 0
13473 1
13476 0
13479 0
13482 0
13485 0
13488 0
13491 0
13494 0
13497 0
13500 0
13503 0
13506 1
13509 0
13512 1
13515 1
13518 0
13521 0
13524 0
13527 0
13530 1
13533 1
13536 0
13539 1
13542 0
13545 0
13548 0
13551 0
13554 0
13557 0
13560 1
13563 1
13566 0
13569 4
13572 10
13575 0
13578 4
13581 0
13584 17
13587 0
13590 0
13593 0
13596 0
13599 0
13602 1
13605 0
13608 0
13611 0
13614 0
13617 0
13620 0
13623 1
13626 0
13629 0
13632 0
13635 12
13638 0
13641 0
13644 0
13647 1
13650 1
13653 1
13656 2
13659 1
13662 2
13665 7
13668 2
13671 2
13674 1
13677 1
13680 2
13683 1
13686 0
13689 0
13692 0
13695 0
13698 0
13701 0
13704 0
13707 8
13710 0
13713 3
13716 3
13719 2
13722 0
13725 0
13728 1
13731 1
13734 0
13737 9
13740 1
13743 0
13746 3
13749 0
13752 0
13755 0
13758 3
13761 2
13764 2
13767 0
13770 2
13773 3
13776 1
13779 0
13782 0
13785 0
13788 0
13791 2
13794 0
13797 2
13800 3
13803 0
13806 1
13809 0
13812 4
13815 0
13818 0
13821 0
13824 1
13827 0
13830 0
13833 0
13836 3
13839 0
13842 1
13845 1
13848 1
13851 1
13854 1
13857 1
13860 1
13863 1
13866 3
13869 1
13872 0
13875 0
13878 0
13881 1
13884 5
13887 0
13890 0
13893 0
13896 1
13899 2
13902 1
13905 4
13908 0
13911 0
13914 4
13917 0
13920 1
13923 3
13926 0
13929 3
13932 1
13935 0
13938 1
13941 0
13944 0
13947 0
13950 0
13953 0
13956 0
13959 0
13962 1
13965 0
13968 1
13971 8
13974 4
13977 4
13980 3
13983 8
13986 0
13989 0
13992 0
13995 0
13998 0
14001 1
14004 0
14007 1
14010 0
14013 1
14016 0
14019 0
14022 0
14025 1
14028 2
14031 2
14034 9
14037 3
14040 2
14043 4
14046 1
14049 3
14052 2
14055 5
14058 1
14061 1
14064 0
14067 3
14070 1
14073 4
14076 1
14079 0
14082 1
14085 1
14088 0
14091 1
14094 1
14097 2
14100 1
14103 1
14106 2
14109 1
14112 4
14115 2
14118 0
14121 1
14124 2
14127 1
14130 2
14133 1
14136 0
14139 0
14142 1
14145 7
14148 0
14151 0
14154 0
14157 0
14160 0
14163 0
14166 0
14169 2
14172 0
14175 11
14178 6
14181 0
14184 0
14187 0
14190 0
14193 1
14196 1
14199 1
14202 1
14205 1
14208 0
14211 0
14214 1
14217 6
14220 1
14223 0
14226 0
14229 0
14232 3
14235 5
14238 0
14241 18
14244 1
14247 2
14250 1
14253 1
14256 3
14259 0
14262 5
14265 6
14268 5
14271 0
14274 2
14277 1
14280 0
14283 1
14286 0
14289 1
14292 2
14295 0
14298 0
14301 4
14304 2
14307 1
14310 0
14313 0
14316 0
14319 0
14322 1
14325 0
14328 2
14331 0
14334 4
14337 0
14340 1
14343 0
14346 4
14349 1
14352 1
14355 3
14358 4
14361 7
14364 0
14367 1
14370 0
14373 1
14376 2
14379 14
14382 2
14385 0
14388 3
14391 0
14394 2
14397 0
14400 0
14403 0
14406 0
14409 0
14412 0
14415 2
14418 0
14421 4
14424 0
14427 3
14430 0
14433 1
14436 2
14439 0
14442 3
14445 0
14448 0
14451 0
14454 0
14457 0
14460 0
14463 0
14466 1
14469 0
14472 3
14475 1
14478 0
14481 0
14484 0
14487 0
14490 0
14493 0
14496 1
14499 4
14502 0
14505 1
14508 3
14511 0
14514 1
14517 2
14520 0
14523 0
14526 2
14529 0
14532 1
14535 1
14538 0
14541 0
14544 1
14547 1
14550 4
14553 0
14556 0
14559 3
14562 0
14565 0
14568 10
14571 2
14574 1
14577 2
14580 4
14583 0
14586 1
14589 0
14592 0
14595 0
14598 1
14601 0
14604 0
14607 0
14610 0
14613 0
14616 0
14619 0
14622 0
14625 3
14628 1
14631 3
14634 0
14637 5
14640 1
14643 0
14646 2
14649 1
14652 1
14655 0
14658 1
14661 1
14664 1
14667 1
14670 1
14673 2
14676 4
14679 1
14682 3
14685 1
14688 2
14691 1
14694 3
14697 0
14700 2
14703 3
14706 1
14709 0
14712 1
14715 0
14718 1
14721 0
14724 0
14727 0
14730 0
14733 1
14736 0
14739 0
14742 1
14745 0
14748 1
14751 2
14754 1
14757 1
14760 1
14763 1
14766 1
14769 1
14772 1
14775 1
14778 0
14781 0
14784 0
14787 0
14790 0
14793 0
14796 0
14799 0
14802 0
14805 2
14808 1
14811 3
14814 2
14817 2
14820 2
14823 6
14826 0
14829 10
14832 9
14835 34
14838 26
14841 27
14844 3
14847 5
14850 0
14853 0
14856 0
14859 1
14862 16
14865 2
14868 7
14871 6
14874 1
14877 1
14880 4
14883 3
14886 4
14889 2
14892 2
14895 1
14898 1
14901 3
14904 1
14907 2
14910 1
14913 9
14916 1
14919 6
14922 1
14925 3
14928 1
14931 1
14934 1
14937 2
14940 1
14943 3
14946 1
14949 1
14952 3
14955 1
14958 1
14961 1
14964 1
14967 1
14970 1
14973 2
14976 3
14979 1
14982 1
14985 2
14988 3
14991 2
14994 2
14997 2
15000 1
15003 3
15006 3
15009 1
15012 1
15015 1
15018 1
15021 3
15024 2
15027 3
15030 1
15033 1
15036 2
15039 1
15042 1
15045 1
15048 1
15051 1
15054 1
15057 2
15060 1
15063 1
15066 1
15069 1
15072 1
15075 1
15078 3
15081 1
15084 1
15087 3
15090 1
15093 1
15096 1
15099 1
15102 1
15105 2
15108 2
15111 1
15114 5
15117 1
15120 4
15123 1
15126 2
15129 1
15132 1
15135 0
15138 3
15141 4
15144 2
15147 0
15150 0
15153 0
15156 0
15159 0
15162 0
15165 5
15168 1
15171 1
15174 1
15177 0
15180 2
15183 1
15186 1
15189 1
15192 0
15195 3
15198 22
15201 5
15204 0
15207 1
15210 1
15213 0
15216 0
15219 2
15222 2
15225 4
15228 3
15231 3
15234 8
15237 0
15240 2
15243 0
15246 1
15249 1
15252 6
15255 0
15258 0
15261 3
15264 1
15267 2
15270 2
15273 0
15276 1
15279 3
15282 5
15285 4
15288 1
15291 0
15294 0
15297 6
15300 2
15303 0
15306 0
15309 0
15312 0
15315 0
15318 0
15321 2
15324 0
15327 1
15330 1
15333 1
15336 0
15339 0
15342 1
15345 1
15348 0
15351 0
15354 1
15357 2
15360 1
15363 1
15366 4
15369 3
15372 0
15375 0
15378 0
15381 1
15384 0
15387 0
15390 0
15393 0
15396 3
15399 3
15402 0
15405 0
15408 0
15411 1
15414 0
15417 4
15420 2
15423 0
15426 0
15429 0
15432 0
15435 0
15438 2
15441 0
15444 2
15447 0
15450 0
15453 1
15456 5
15459 0
15462 0
15465 2
15468 1
15471 0
15474 1
15477 0
15480 0
15483 0
15486 0
15489 0
15492 1
15495 0
15498 3
15501 0
15504 0
15507 2
15510 0
15513 8
15516 0
15519 0
15522 4
15525 3
15528 1
15531 7
15534 1
15537 0
15540 0
15543 0
15546 0
15549 0
15552 1
15555 1
15558 0
15561 0
15564 0
15567 1
15570 0
15573 1
15576 0
15579 4
15582 0
15585 0
15588 0
15591 3
15594 0
15597 0
15600 0
15603 0
15606 0
15609 0
15612 1
15615 0
15618 0
15621 2
15624 1
15627 0
15630 0
15633 0
15636 0
15639 2
15642 2
15645 0
15648 0
15651 0
15654 1
15657 1
15660 0
15663 0
15666 0
15669 0
15672 0
15675 0
15678 2
15681 0
15684 0
15687 0
15690 0
15693 4
15696 0
15699 0
15702 0
15705 4
15708 3
15711 0
15714 0
15717 0
15720 0
15723 1
15726 0
15729 0
15732 0
15735 0
15738 1
15741 0
15744 0
15747 0
15750 1
15753 0
15756 0
15759 0
15762 0
15765 1
15768 0
15771 0
15774 0
15777 0
15780 0
15783 0
15786 0
15789 0
15792 13
15795 0
15798 0
15801 0
15804 1
15807 0
15810 0
15813 0
15816 1
15819 2
15822 0
15825 1
15828 0
15831 0
15834 1
15837 2
15840 0
15843 1
15846 0
15849 0
15852 0
15855 1
15858 0
15861 0
15864 0
15867 0
15870 0
15873 0
15876 0
15879 1
15882 0
15885 0
15888 3
15891 0
15894 0
15897 0
15900 0
15903 0
15906 0
15909 0
15912 6
15915 3
15918 2
15921 10
15924 0
15927 3
15930 1
15933 0
15936 2
15939 0
15942 5
15945 3
15948 2
15951 1
15954 2
15957 2
15960 6
15963 2
15966 2
15969 4
15972 1
15975 1
15978 0
15981 6
15984 1
15987 0
15990 3
15993 1
15996 1
15999 1
16002 1
16005 0
16008 2
16011 2
16014 2
16017 4
16020 1
16023 1
16026 3
16029 1
16032 1
16035 3
16038 1
16041 3
16044 3
16047 1
16050 2
16053 1
16056 1
16059 1
16062 2
16065 2
16068 2
16071 2
16074 2
16077 1
16080 3
16083 2
16086 3
16089 2
16092 1
16095 1
16098 4
16101 6
16104 1
16107 1
16110 1
16113 3
16116 3
16119 1
16122 4
16125 1
16128 1
16131 1
16134 1
16137 1
16140 1
16143 1
16146 1
16149 1
16152 1
16155 1
16158 1
16161 1
16164 1
16167 1
16170 1
16173 1
16176 1
16179 2
16182 2
16185 2
16188 2
16191 5
16194 0
16197 2
16200 0
16203 4
16206 0
16209 2
16212 0
16215 0
16218 1
16221 0
16224 3
16227 2
16230 1
16233 1
16236 2
16239 1
16242 3
16245 2
16248 0
16251 0
16254 1
16257 0
16260 0
16263 0
16266 1
16269 1
16272 0
16275 0
16278 1
16281 0
16284 0
16287 2
16290 0
16293 0
16296 1
16299 2
16302 1
16305 2
16308 0
16311 2
16314 2
16317 3
16320 0
16323 1
16326 1
16329 1
16332 1
16335 1
16338 3
16341 1
16344 1
16347 1
16350 2
16353 1
16356 1
16359 1
16362 1
16365 1
16368 1
16371 2
16374 1
16377 4
16380 2
16383 2
16386 7
16389 0
16392 2
16395 1
16398 0
16401 1
16404 0
16407 3
16410 1
16413 1
16416 6
16419 3
16422 2
16425 1
16428 1
16431 0
16434 0
16437 6
16440 1
16443 12
16446 1
16449 3
16452 1
16455 2
16458 0
16461 6
16464 2
16467 2
16470 2
16473 3
16476 0
16479 0
16482 0
16485 2
16488 0
16491 3
16494 4
16497 2
16500 3
16503 9
16506 3
16509 1
16512 1
16515 3
16518 2
16521 1
16524 1
16527 3
16530 1
16533 3
16536 1
16539 1
16542 1
16545 1
16548 2
16551 0
16554 1
16557 1
16560 0
16563 2
16566 2
16569 0
16572 0
16575 0
16578 0
16581 0
16584 0
16587 0
16590 0
16593 0
16596 0
16599 0
16602 0
16605 0
16608 1
16611 2
16614 1
16617 3
16620 3
16623 1
16626 0
16629 0
16632 5
16635 3
16638 1
16641 7
16644 0
16647 0
16650 1
16653 0
16656 5
16659 4
16662 1
16665 3
16668 0
16671 0
16674 5
16677 1
16680 6
16683 4
16686 1
16689 1
16692 7
16695 0
16698 2
16701 0
16704 2
16707 0
16710 10
16713 9
16716 3
16719 4
16722 2
16725 4
16728 6
16731 3
16734 3
16737 8
16740 3
16743 2
16746 2
16749 2
16752 4
16755 5
16758 3
16761 4
16764 3
16767 2
16770 1
16773 4
16776 6
16779 3
16782 6
16785 1
16788 5
16791 2
16794 2
16797 8
16800 0
16803 2
16806 1
16809 1
16812 6
16815 1
16818 1
16821 6
16824 1
16827 1
16830 1
16833 1
16836 1
16839 3
16842 1
16845 3
16848 2
16851 1
16854 2
16857 1
16860 8
16863 2
16866 1
16869 1
16872 1
16875 1
16878 2
16881 0
16884 0
16887 2
16890 2
16893 0
16896 0
16899 1
16902 0
16905 0
16908 0
16911 1
16914 0
16917 0
16920 0
16923 0
16926 0
16929 4
16932 0
16935 0
16938 0
16941 0
16944 2
16947 1
16950 1
16953 0
16956 0
16959 1
16962 0
16965 1
16968 0
16971 3
16974 0
16977 0
16980 1
16983 7
16986 0
16989 0
16992 0
16995 0
16998 3
17001 0
17004 0
17007 2
17010 0
17013 3
17016 0
17019 0
17022 1
17025 2
17028 1
17031 0
17034 0
17037 8
17040 3
17043 4
17046 3
17049 0
17052 3
17055 1
17058 0
17061 0
17064 2
17067 1
17070 1
17073 1
17076 0
17079 3
17082 3
17085 4
17088 0
17091 0
17094 1
17097 3
17100 4
17103 0
17106 0
17109 0
17112 4
17115 4
17118 2
17121 1
17124 3
17127 2
17130 3
17133 2
17136 3
17139 3
17142 2
17145 3
17148 2
17151 1
17154 2
17157 1
17160 4
17163 2
17166 2
17169 2
17172 1
17175 1
17178 2
17181 6
17184 2
17187 5
17190 2
17193 1
17196 1
17199 3
17202 2
17205 2
17208 2
17211 2
17214 3
17217 1
17220 2
17223 1
17226 3
17229 2
17232 7
17235 0
17238 0
17241 1
17244 6
17247 1
17250 0
17253 4
17256 7
17259 3
17262 4
17265 3
17268 8
17271 4
17274 3
17277 2
17280 2
17283 4
17286 1
17289 3
17292 1
17295 2
17298 1
17301 1
17304 1
17307 1
17310 1
17313 1
17316 1
17319 3
17322 2
17325 2
17328 3
17331 1
17334 1
17337 1
17340 1
17343 3
17346 1
17349 1
17352 2
17355 1
17358 1
17361 2
17364 1
17367 2
17370 3
17373 3
17376 1
17379 3
17382 1
17385 1
17388 2
17391 2
17394 1
17397 1
17400 1
17403 3
17406 1
17409 1
17412 2
17415 1
17418 1
17421 4
17424 1
17427 1
17430 1
17433 2
17436 1
17439 3
17442 5
17445 2
17448 1
17451 1
17454 1
17457 4
17460 1
17463 1
17466 1
17469 1
17472 1
17475 1
17478 3
17481 2
17484 1
17487 5
17490 1
17493 1
17496 1
17499 1
17502 1
17505 1
17508 1
17511 3
17514 2
17517 1
17520 3
17523 2
17526 1
17529 3
17532 2
17535 1
17538 1
17541 4
17544 1
17547 1
17550 2
17553 3
17556 1
17559 1
17562 2
17565 4
17568 1
17571 1
17574 2
17577 3
17580 2
17583 1
17586 1
17589 1
17592 2
17595 1
17598 1
17601 1
17604 2
17607 3
17610 1
17613 1
17616 1
17619 1
17622 2
17625 1
17628 1
17631 2
17634 1
17637 2
17640 1
17643 2
17646 1
17649 1
17652 1
17655 2
17658 2
17661 2
17664 1
17667 1
17670 6
17673 1
17676 1
17679 3
17682 1
17685 1
17688 1
17691 1
17694 3
17697 3
17700 1
17703 2
17706 4
17709 2
17712 3
17715 1
17718 2
17721 1
17724 1
17727 4
17730 2
17733 1
17736 1
17739 2
17742 1
17745 1
17748 10
17751 1
17754 1
17757 1
17760 1
17763 1
17766 1
17769 2
17772 2
17775 0
17778 0
17781 0
17784 0
17787 0
17790 0
17793 1
17796 0
17799 0
17802 1
17805 1
17808 0
17811 0
17814 3
17817 4
17820 2
17823 1
17826 1
17829 1
17832 3
17835 0
17838 2
17841 0
17844 0
17847 1
17850 0
17853 0
17856 0
17859 0
17862 1
17865 0
17868 1
17871 1
17874 1
17877 0
17880 0
17883 0
17886 0
17889 2
17892 0
17895 3
17898 1
17901 0
17904 4
17907 0
17910 1
17913 1
17916 1
17919 1
17922 6
17925 4
17928 0
17931 0
17934 2
17937 2
17940 3
17943 4
17946 0
17949 2
17952 0
17955 1
17958 1
17961 0
17964 1
17967 0
17970 0
17973 0
17976 2
17979 1
17982 2
17985 6
17988 0
17991 0
17994 1
17997 0
18000 5
18003 0
18006 0
18009 3
18012 0
18015 1
18018 2
18021 1
18024 1
18027 1
18030 2
18033 3
18036 0
18039 0
18042 0
18045 0
18048 1
18051 0
18054 1
18057 0
18060 1
18063 0
18066 0
18069 0
18072 1
18075 0
18078 0
18081 0
18084 0
18087 1
18090 1
18093 0
18096 0
18099 2
18102 2
18105 0
18108 1
18111 2
18114 1
18117 1
18120 1
18123 3
18126 0
18129 2
18132 0
18135 1
18138 2
18141 0
18144 1
18147 0
18150 2
18153 0
18156 1
18159 1
18162 1
18165 0
18168 1
18171 0
18174 0
18177 0
18180 0
18183 0
18186 0
18189 1
18192 2
18195 0
18198 1
18201 1
18204 0
18207 0
18210 0
18213 2
18216 0
18219 0
18222 0
18225 0
18228 1
18231 0
18234 0
18237 6
18240 0
18243 2
18246 1
18249 0
18252 2
18255 1
18258 2
18261 0
18264 0
18267 1
18270 1
18273 0
18276 1
18279 4
18282 1
18285 1
18288 3
18291 1
18294 1
18297 0
18300 1
18303 0
18306 0
18309 0
18312 0
18315 0
18318 1
18321 1
18324 1
18327 1
18330 0
18333 0
18336 0
18339 1
18342 0
18345 1
18348 1
18351 1
18354 1
18357 1
18360 1
18363 1
18366 1
18369 0
18372 0
18375 3
18378 0
18381 1
18384 1
18387 2
18390 0
18393 0
18396 1
18399 2
18402 0
18405 0
18408 0
18411 0
18414 0
18417 0
18420 3
18423 0
18426 0
18429 0
18432 0
18435 0
18438 0
18441 2
18444 0
18447 0
18450 3
18453 1
18456 3
18459 0
18462 2
18465 3
18468 0
18471 1
18474 1
18477 2
18480 0
18483 0
18486 0
18489 0
18492 0
18495 0
18498 1
18501 1
18504 0
18507 0
18510 1
18513 0
18516 1
18519 0
18522 1
18525 0
18528 0
18531 3
18534 0
18537 1
18540 0
18543 1
18546 0
18549 1
18552 0
18555 0
18558 0
18561 1
18564 1
18567 5
18570 0
18573 0
18576 0
18579 0
18582 0
18585 0
18588 0
18591 3
18594 0
18597 0
18600 2
18603 12
18606 3
18609 1
18612 3
18615 0
18618 2
18621 2
18624 1
18627 1
18630 1
18633 1
18636 0
18639 2
18642 1
18645 3
18648 2
18651 1
18654 4
18657 7
18660 0
18663 1
18666 0
18669 2
18672 1
18675 2
18678 0
18681 0
18684 1
18687 2
18690 1
18693 0
18696 0
18699 1
18702 0
18705 0
18708 2
18711 1
18714 5
18717 5
18720 5
18723 4
18726 1
18729 1
18732 2
18735 1
18738 1
18741 2
18744 1
18747 1
18750 0
18753 6
18756 5
18759 6
18762 2
18765 2
18768 16
18771 1
18774 2
18777 1
18780 1
18783 1
18786 2
18789 0
18792 1
18795 1
18798 0
18801 0
18804 0
18807 0
18810 2
18813 0
18816 0
18819 0
18822 1
18825 1
18828 1
18831 1
18834 2
18837 1
18840 0
18843 0
18846 0
18849 1
18852 2
18855 0
18858 0
18861 1
18864 1
18867 0
18870 0
18873 0
18876 0
18879 0
18882 0
18885 0
18888 0
18891 0
18894 1
18897 0
18900 0
18903 0
18906 0
18909 0
18912 2
18915 1
18918 0
18921 0
18924 9
18927 1
18930 10
18933 0
18936 0
18939 0
18942 0
18945 0
18948 0
18951 0
18954 2
18957 1
18960 1
18963 0
18966 1
18969 0
18972 1
18975 0
18978 0
18981 0
18984 0
18987 0
18990 2
18993 1
18996 1
18999 2
19002 2
19005 2
19008 0
19011 0
19014 0
19017 6
19020 1
19023 0
19026 6
19029 0
19032 0
19035 0
19038 0
19041 0
19044 0
19047 0
19050 0
19053 0
19056 0
19059 0
19062 0
19065 0
19068 0
19071 1
19074 0
19077 0
19080 1
19083 0
19086 1
19089 0
19092 0
19095 0
19098 0
19101 0
19104 0
19107 0
19110 0
19113 3
19116 1
19119 1
19122 2
19125 5
19128 9
19131 2
19134 2
19137 2
19140 1
19143 3
19146 1
19149 2
19152 5
19155 1
19158 1
19161 3
19164 2
19167 1
19170 1
19173 1
19176 2
19179 4
19182 2
19185 3
19188 12
19191 1
19194 5
19197 6
19200 3
19203 2
19206 5
19209 1
19212 1
19215 2
19218 1
19221 1
19224 0
19227 1
19230 2
19233 0
19236 0
19239 0
19242 1
19245 1
19248 2
19251 1
19254 1
19257 2
19260 4
19263 1
19266 3
19269 3
19272 1
19275 1
19278 7
19281 1
19284 5
19287 2
19290 5
19293 2
19296 1
19299 1
19302 1
19305 2
19308 1
19311 2
19314 3
19317 1
19320 2
19323 1
19326 2
19329 3
19332 3
19335 1
19338 0
19341 1
19344 1
19347 0
19350 1
19353 0
19356 1
19359 1
19362 4
19365 0
19368 0
19371 1
19374 2
19377 0
19380 0
19383 1
19386 0
19389 0
19392 0
19395 2
19398 0
19401 0
19404 0
19407 0
19410 1
19413 1
19416 1
19419 1
19422 3
19425 0
19428 0
19431 0
19434 1
19437 0
19440 0
19443 0
19446 1
19449 0
19452 1
19455 0
19458 1
19461 0
19464 2
19467 15
19470 3
19473 1
19476 0
19479 0
19482 3
19485 2
19488 1
19491 2
19494 1
19497 1
19500 1
19503 1
19506 1
19509 1
19512 1
19515 0
19518 0
19521 0
19524 1
19527 1
19530 0
19533 0
19536 0
19539 0
19542 0
19545 2
19548 3
19551 1
19554 1
19557 0
19560 0
19563 0
19566 3
19569 1
19572 0
19575 3
19578 2
19581 5
19584 1
19587 1
19590 0
19593 2
19596 0
19599 0
19602 3
19605 0
19608 0
19611 0
19614 0
19617 0
19620 0
19623 0
19626 0
19629 0
19632 0
19635 0
19638 1
19641 1
19644 1
19647 3
19650 1
19653 1
19656 3
19659 3
19662 1
19665 2
19668 1
19671 1
19674 1
19677 2
19680 1
19683 1
19686 2
19689 1
19692 2
19695 0
19698 1
19701 0
19704 1
19707 1
19710 2
19713 0
19716 1
19719 2
19722 0
19725 1
19728 1
19731 5
19734 0
19737 1
19740 0
19743 1
19746 0
19749 2
19752 0
19755 0
19758 0
19761 2
19764 4
19767 0
19770 0
19773 0
19776 0
19779 0
19782 0
19785 0
19788 1
19791 0
19794 0
19797 0
19800 1
19803 0
19806 0
19809 1
19812 1
19815 9
19818 0
19821 8
19824 1
19827 2
19830 0
19833 2
19836 2
19839 1
19842 0
19845 0
19848 5
19851 1
19854 1
19857 1
19860 0
19863 0
19866 0
19869 2
19872 2
19875 1
19878 0
19881 0
19884 0
19887 0
19890 0
19893 2
19896 0
19899 0
19902 1
19905 0
19908 0
19911 0
19914 0
19917 0
19920 0
19923 0
19926 2
19929 0
19932 0
19935 0
19938 1
19941 0
19944 0
19947 2
19950 2
19953 0
19956 0
19959 0
19962 2
19965 0
19968 0
19971 0
19974 0
19977 0
19980 0
19983 3
19986 0
19989 0
19992 1
19995 1
19998 0
20001 0
20004 1
20007 2
20010 0
20013 1
20016 0
20019 0
20022 1
20025 1
20028 1
20031 4
20034 0
20037 0
20040 0
20043 1
20046 1
20049 0
20052 1
20055 0
20058 0
20061 0
20064 0
20067 1
20070 0
20073 0
20076 0
20079 0
20082 0
20085 0
20088 0
20091 0
20094 0
20097 0
20100 0
20103 2
20106 0
20109 1
20112 0
20115 0
20118 0
20121 0
20124 0
20127 0
20130 0
20133 2
20136 1
20139 1
20142 0
20145 0
20148 0
20151 0
20154 0
20157 9
20160 0
20163 0
20166 0
20169 2
20172 1
20175 1
20178 1
20181 1
20184 0
20187 0
20190 1
20193 2
20196 1
20199 1
20202 1
20205 6
20208 11
20211 1
20214 2
20217 6
20220 6
20223 6
20226 3
20229 3
20232 8
20235 1
20238 3
20241 1
20244 5
20247 1
20250 6
20253 5
20256 3
20259 2
20262 1
20265 1
20268 9
20271 1
20274 3
20277 5
20280 3
20283 2
20286 5
20289 1
20292 2
20295 2
20298 3
20301 2
20304 1
20307 6
20310 1
20313 1
20316 2
20319 1
20322 1
20325 1
20328 2
20331 1
20334 3
20337 1
20340 1
20343 3
20346 4
20349 2
20352 2
20355 1
20358 1
20361 9
20364 1
20367 1
20370 2
20373 1
20376 2
20379 2
20382 3
20385 2
20388 1
20391 1
20394 1
20397 0
20400 2
20403 1
20406 1
20409 1
20412 1
20415 1
20418 1
20421 1
20424 1
20427 1
20430 0
20433 0
20436 0
20439 2
20442 1
20445 0
20448 2
20451 1
20454 0
20457 1
20460 1
20463 0
20466 0
20469 1
20472 3
20475 3
20478 2
20481 1
20484 0
20487 0
20490 0
20493 0
20496 0
20499 0
20502 0
20505 0
20508 0
20511 0
20514 0
20517 0
20520 1
20523 0
20526 0
20529 0
20532 0
20535 0
20538 0
20541 0
20544 0
20547 0
20550 0
20553 0
20556 0
20559 0
20562 0
20565 0
20568 0
20571 0
20574 0
20577 0
20580 0
20583 0
20586 1
20589 0
20592 0
20595 0
20598 0
20601 1
20604 1
20607 1
20610 4
20613 3
20616 18
20619 4
20622 0
20625 14
20628 7
20631 0
20634 6
20637 1
20640 0
20643 5
20646 0
20649 0
20652 2
20655 1
20658 0
20661 2
20664 0
20667 0
20670 0
20673 0
20676 1
20679 0
20682 0
20685 0
20688 0
20691 0
20694 0
20697 0
20700 0
20703 0
20706 0
20709 0
20712 0
20715 0
20718 0
20721 0
20724 0
20727 0
20730 0
20733 0
20736 0
20739 0
20742 0
20745 2
20748 2
20751 0
20754 1
20757 1
20760 3
20763 1
20766 1
20769 1
20772 1
20775 1
20778 0
20781 0
20784 0
20787 0
20790 0
20793 0
20796 1
20799 1
20802 1
20805 21
20808 0
20811 0
20814 0
20817 2
20820 4
20823 1
20826 1
20829 1
20832 0
20835 0
20838 0
20841 2
20844 0
20847 3
20850 0
20853 4
20856 1
20859 0
20862 0
20865 0
20868 0
20871 1
20874 0
20877 0
20880 0
20883 0
20886 0
20889 1
20892 2
20895 0
20898 0
20901 0
20904 0
20907 1
20910 0
20913 0
20916 0
20919 3
20922 2
20925 1
20928 1
20931 5
20934 1
20937 2
20940 4
20943 4
20946 2
20949 1
20952 3
20955 2
20958 3
20961 1
20964 0
20967 3
20970 2
20973 0
20976 1
20979 0
20982 0
20985 2
20988 4
20991 4
20994 2
20997 4
21000 0
21003 1
21006 0
21009 0
21012 0
21015 0
21018 1
21021 0
21024 0
21027 2
21030 0
21033 0
21036 1
21039 0
21042 0
21045 0
21048 0
21051 0
21054 0
21057 0
21060 0
21063 0
21066 3
21069 0
21072 0
21075 0
21078 0
21081 1
21084 0
21087 0
21090 0
21093 0
21096 1
21099 3
21102 1
21105 1
21108 2
21111 0
21114 0
21117 5
21120 1
21123 1
21126 3
21129 3
21132 0
21135 1
21138 0
21141 0
21144 1
21147 1
21150 1
21153 1
21156 1
21159 3
21162 1
21165 1
21168 1
21171 1
21174 1
21177 1
21180 1
21183 1
21186 1
21189 2
21192 1
21195 1
21198 2
21201 1
21204 2
21207 1
21210 1
21213 1
21216 1
21219 1
21222 1
21225 1
21228 1
21231 0
21234 0
21237 0
21240 0
21243 0
21246 0
21249 2
21252 2
21255 6
21258 2
21261 0
21264 1
21267 1
21270 0
21273 0
21276 0
21279 0
21282 0
21285 0
21288 0
21291 0
21294 0
21297 0
21300 0
21303 0
21306 2
21309 0
21312 1
21315 0
21318 0
21321 1
21324 2
21327 2
21330 2
21333 1
21336 5
21339 3
21342 1
21345 2
21348 1
21351 1
21354 0
21357 0
21360 0
21363 1
21366 1
21369 1
21372 0
21375 0
21378 0
21381 0
21384 1
21387 1
21390 2
21393 1
21396 3
21399 9
21402 9
21405 6
21408 8
21411 2
21414 2
21417 1
21420 10
21423 15
21426 7
21429 2
21432 13
21435 0
21438 0
21441 0
21444 1
21447 4
21450 1
21453 1
21456 1
21459 2
21462 2
21465 1
21468 3
21471 2
21474 0
21477 0
21480 0
21483 0
21486 0
21489 0
21492 1
21495 0
21498 1
21501 1
21504 4
21507 1
21510 3
21513 1
21516 2
21519 1
21522 1
21525 1
21528 4
21531 1
21534 5
21537 1
21540 1
21543 1
21546 1
21549 1
21552 1
21555 1
21558 2
21561 1
21564 1
21567 1
21570 1
21573 1
21576 1
21579 2
21582 5
21585 1
21588 1
21591 1
21594 1
21597 1
21600 1
21603 1
21606 2
21609 3
21612 1
21615 1
21618 1
21621 1
21624 2
21627 1
21630 1
21633 1
21636 1
21639 1
21642 1
21645 1
21648 1
21651 1
21654 1
21657 1
21660 1
21663 3
21666 1
21669 1
21672 1
21675 4
21678 2
21681 3
21684 1
21687 1
21690 1
21693 1
21696 1
21699 1
21702 1
21705 2
21708 2
21711 1
21714 1
21717 1
21720 1
21723 1
21726 2
21729 1
21732 1
21735 1
21738 1
21741 2
21744 2
21747 2
21750 1
21753 1
21756 1
21759 2
21762 1
21765 3
21768 1
21771 1
21774 1
21777 1
21780 1
21783 1
21786 2
21789 1
21792 1
21795 1
21798 2
21801 6
21804 1
21807 1
21810 1
21813 1
21816 1
21819 1
21822 1
21825 1
21828 2
21831 1
21834 1
21837 1
21840 1
21843 1
21846 1
21849 1
21852 1
21855 1
21858 1
21861 2
21864 1
21867 1
21870 1
21873 1
21876 1
21879 2
21882 1
21885 1
21888 1
21891 1
21894 1
21897 1
21900 1
21903 1
21906 1
21909 1
21912 1
21915 1
21918 2
21921 1
21924 1
21927 1
21930 2
21933 4
21936 1
21939 1
21942 1
21945 0
21948 1
21951 0
21954 0
21957 0
21960 0
21963 4
21966 0
21969 0
21972 0
21975 2
21978 1
21981 0
21984 0
21987 0
21990 0
21993 0
21996 0
21999 0
22002 0
22005 1
22008 0
22011 2
22014 4
22017 1
22020 2
22023 1
22026 0
22029 4
22032 3
22035 7
22038 0
22041 0
22044 0
22047 1
22050 1
22053 2
22056 2
22059 2
22062 1
22065 0
22068 1
22071 2
22074 0
22077 3
22080 1
22083 1
22086 0
22089 0
22092 1
22095 1
22098 0
22101 6
22104 0
22107 1
22110 1
22113 1
22116 0
22119 1
22122 2
22125 2
22128 2
22131 0
22134 0
22137 1
22140 0
22143 1
22146 0
22149 0
22152 3
22155 1
22158 0
22161 1
22164 0
22167 2
22170 3
22173 0
22176 12
22179 0
22182 3
22185 0
22188 0
22191 2
22194 2
22197 1
22200 0
22203 2
22206 2
22209 1
22212 5
22215 2
22218 2
22221 2
22224 1
22227 3
22230 4
22233 1
22236 1
22239 3
22242 1
22245 2
22248 1
22251 2
22254 4
22257 1
22260 1
22263 3
22266 1
22269 1
22272 1
22275 1
22278 1
22281 1
22284 1
22287 1
22290 1
22293 1
22296 1
22299 6
22302 1
22305 2
22308 1
22311 3
22314 1
22317 2
22320 2
22323 2
22326 2
22329 2
22332 2
22335 1
22338 1
22341 2
22344 0
22347 2
22350 0
22353 1
22356 2
22359 9
22362 0
22365 0
22368 0
22371 1
22374 1
22377 2
22380 1
22383 1
22386 1
22389 0
22392 0
22395 0
22398 3
22401 2
22404 2
22407 3
22410 0
22413 3
22416 3
22419 1
22422 5
22425 1
22428 2
22431 1
22434 0
22437 1
22440 3
22443 1
22446 8
22449 1
22452 0
22455 0
22458 1
22461 0
22464 2
22467 0
22470 1
22473 1
22476 1
22479 1
22482 1
22485 3
22488 3
22491 0
22494 2
22497 2
22500 3
22503 1
22506 1
22509 1
22512 0
22515 0
22518 1
22521 2
22524 0
22527 0
22530 1
22533 1
22536 1
22539 0
22542 0
22545 0
22548 0
22551 0
22554 0
22557 6
22560 0
22563 0
22566 11
22569 3
22572 0
22575 1
22578 2
22581 0
22584 0
22587 12
22590 0
22593 0
22596 1
22599 4
22602 1
22605 2
22608 0
22611 3
22614 1
22617 1
22620 0
22623 0
22626 0
22629 0
22632 0
22635 0
22638 0
22641 0
22644 1
22647 1
22650 2
22653 0
22656 0
22659 4
22662 0
22665 0
22668 4
22671 1
22674 1
22677 0
22680 0
22683 0
22686 0
22689 0
22692 1
22695 0
22698 0
22701 1
22704 0
22707 0
22710 0
22713 0
22716 0
22719 0
22722 0
22725 1
22728 1
22731 2
22734 1
22737 0
22740 0
22743 5
22746 1
22749 2
22752 0
22755 1
22758 1
22761 3
22764 2
22767 0
22770 0
22773 0
22776 1
22779 0
22782 0
22785 0
22788 1
22791 0
22794 0
22797 0
22800 0
22803 1
22806 0
22809 0
22812 0
22815 1
22818 1
22821 1
22824 1
22827 0
22830 0
22833 0
22836 0
22839 0
22842 0
22845 0
22848 0
22851 0
22854 0
22857 4
22860 0
22863 0
22866 0
22869 2
22872 0
22875 2
22878 0
22881 1
22884 0
22887 0
22890 0
22893 0
22896 4
22899 1
22902 0
22905 1
22908 4
22911 10
22914 8
22917 0
22920 1
22923 1
22926 2
22929 1
22932 1
22935 1
22938 1
22941 1
22944 3
22947 1
22950 1
22953 1
22956 1
22959 1
22962 1
22965 1
22968 1
22971 1
22974 1
22977 1
22980 2
22983 2
22986 1
22989 1
22992 1
22995 1
22998 1
23001 1
23004 1
23007 0
23010 1
23013 2
23016 3
23019 3
23022 4
23025 19
23028 3
23031 1
23034 8
23037 0
23040 0
23043 5
23046 0
23049 0
23052 0
23055 1
23058 1
23061 0
23064 3
23067 0
23070 0
23073 13
23076 19
23079 0
23082 11
23085 0
23088 1
23091 3
23094 0
23097 1
23100 1
23103 1
23106 1
23109 1
23112 0
23115 0
23118 0
23121 0
23124 3
23127 0
23130 0
23133 0
23136 0
23139 17
23142 1
23145 0
23148 0
23151 1
23154 0
23157 1
23160 1
23163 0
23166 0
23169 0
23172 0
23175 1
23178 1
23181 2
23184 0
23187 0
23190 0
23193 0
23196 0
23199 0
23202 1
23205 2
23208 0
23211 0
23214 0
23217 1
23220 1
23223 0
23226 0
23229 1
23232 0
23235 0
23238 0
23241 1
23244 1
23247 0
23250 0
23253 1
23256 0
23259 0
23262 3
23265 0
23268 0
23271 0
23274 1
23277 0
23280 0
23283 2
23286 2
23289 1
23292 0
23295 2
23298 1
23301 1
23304 1
23307 0
23310 1
23313 1
23316 1
23319 1
23322 2
23325 3
23328 0
23331 1
23334 1
23337 2
23340 1
23343 3
23346 6
23349 1
23352 7
23355 10
23358 1
23361 3
23364 40
23367 2
23370 4
23373 10
23376 1
23379 4
23382 1
23385 4
23388 2
23391 2
23394 3
23397 2
23400 2
23403 10
23406 1
23409 1
23412 1
23415 2
23418 4
23421 9
23424 1
23427 1
23430 1
23433 2
23436 3
23439 2
23442 1
23445 3
23448 2
23451 10
23454 1
23457 1
23460 0
23463 1
23466 1
23469 0
23472 1
23475 2
23478 8
23481 1
23484 0
23487 1
23490 0
23493 0
23496 1
23499 1
23502 0
23505 3
23508 0
23511 0
23514 1
23517 4
23520 3
23523 1
23526 0
23529 0
23532 0
23535 1
23538 0
23541 1
23544 0
23547 0
23550 0
23553 0
23556 0
23559 0
23562 1
23565 0
23568 0
23571 0
23574 2
23577 0
23580 0
23583 0
23586 1
23589 1
23592 5
23595 1
23598 2
23601 2
23604 1
23607 0
23610 5
23613 5
23616 6
23619 1
23622 0
23625 3
23628 2
23631 2
23634 2
23637 1
23640 2
23643 5
23646 0
23649 0
23652 0
23655 1
23658 1
23661 0
23664 0
23667 2
23670 5
23673 3
23676 4
23679 0
23682 4
23685 0
23688 1
23691 1
23694 1
23697 1
23700 4
23703 1
23706 6
23709 2
23712 0
23715 3
23718 1
23721 1
23724 1
23727 2
23730 0
23733 1
23736 2
23739 0
23742 0
23745 0
23748 3
23751 2
23754 0
23757 2
23760 0
23763 0
23766 0
23769 1
23772 0
23775 3
23778 0
23781 0
23784 0
23787 1
23790 2
23793 1
23796 2
23799 2
23802 2
23805 1
23808 5
23811 3
23814 1
23817 1
23820 1
23823 1
23826 2
23829 2
23832 1
23835 1
23838 1
23841 2
23844 1
23847 1
23850 2
23853 1
23856 1
23859 1
23862 1
23865 1
23868 4
23871 1
23874 0
23877 0
23880 0
23883 2
23886 2
23889 1
23892 2
23895 1
23898 0
23901 1
23904 0
23907 0
23910 0
23913 2
23916 0
23919 2
23922 0
23925 3
23928 0
23931 0
23934 1
23937 0
23940 0
23943 0
23946 3
23949 1
23952 1
23955 1
23958 0
23961 1
23964 1
23967 0
23970 0
23973 1
23976 3
23979 0
23982 1
23985 2
23988 1
23991 3
23994 3
23997 4
24000 0
24003 1
24006 0
24009 0
24012 0
24015 0
24018 0
24021 1
24024 0
24027 1
24030 2
24033 0
24036 4
24039 1
24042 1
24045 1
24048 1
24051 0
24054 2
24057 1
24060 2
24063 4
24066 2
24069 1
24072 2
24075 1
24078 1
24081 0
24084 0
24087 1
24090 1
24093 1
24096 1
24099 2
24102 3
24105 2
24108 1
24111 1
24114 3
24117 1
24120 2
24123 1
24126 2
24129 1
24132 2
24135 1
24138 1
24141 3
24144 0
24147 0
24150 2
24153 4
24156 1
24159 2
24162 0
24165 1
24168 0
24171 0
24174 0
24177 0
24180 0
24183 3
24186 3
24189 0
24192 0
24195 1
24198 0
24201 0
24204 2
24207 0
24210 0
24213 0
24216 1
24219 2
24222 2
24225 0
24228 0
24231 0
24234 0
24237 0
24240 0
24243 2
24246 0
24249 0
24252 0
24255 0
24258 0
24261 0
24264 0
24267 0
24270 1
24273 1
24276 1
24279 0
24282 0
24285 1
24288 1
24291 1
24294 0
24297 0
24300 0
24303 0
24306 0
24309 2
24312 1
24315 0
24318 1
24321 2
24324 0
24327 0
24330 0
24333 0
24336 1
24339 1
24342 0
24345 0
24348 1
24351 3
24354 1
24357 4
24360 1
24363 2
24366 0
24369 3
24372 1
24375 1
24378 1
24381 1
24384 1
24387 2
24390 1
24393 1
24396 1
24399 1
24402 1
24405 1
24408 1
24411 1
24414 1
24417 1
24420 1
24423 1
24426 5
24429 2
24432 1
24435 1
24438 1
24441 1
24444 0
24447 0
24450 0
24453 1
24456 0
24459 0
24462 1
24465 1
24468 2
24471 0
24474 0
24477 1
24480 1
24483 2
24486 1
24489 0
24492 3
24495 1
24498 2
24501 0
24504 0
24507 1
24510 0
24513 1
24516 0
24519 4
24522 1
24525 0
24528 0
24531 0
24534 0
24537 0
24540 0
24543 0
24546 0
24549 0
24552 1
24555 0
24558 0
24561 0
24564 1
24567 0
24570 0
24573 2
24576 0
24579 0
24582 1
24585 0
24588 0
24591 0
24594 2
24597 1
24600 2
24603 0
24606 1
24609 1
24612 1
24615 1
24618 2
24621 3
24624 3
24627 0
24630 0
24633 0
24636 0
24639 0
24642 0
24645 0
24648 1
24651 1
24654 1
24657 0
24660 2
24663 1
24666 1
24669 1
24672 0
24675 1
24678 1
24681 0
24684 7
24687 1
24690 0
24693 3
24696 1
24699 1
24702 0
24705 0
24708 2
24711 0
24714 1
24717 2
24720 1
24723 2
24726 1
24729 1
24732 0
24735 0
24738 1
24741 1
24744 2
24747 0
24750 1
24753 4
24756 1
24759 2
24762 2
24765 1
24768 1
24771 1
24774 0
24777 1
24780 3
24783 2
24786 3
24789 1
24792 1
24795 1
24798 0
24801 0
24804 2
24807 0
24810 5
24813 2
24816 1
24819 3
24822 1
24825 3
24828 3
24831 2
24834 2
24837 2
24840 2
24843 1
24846 2
24849 2
24852 1
24855 0
24858 1
24861 1
24864 2
24867 2
24870 2
24873 1
24876 1
24879 1
24882 1
24885 1
24888 1
24891 1
24894 1
24897 1
24900 2
24903 1
24906 2
24909 1
24912 0
24915 0
24918 0
24921 1
24924 1
24927 1
24930 0
24933 1
24936 1
24939 0
24942 1
24945 1
24948 2
24951 2
24954 3
24957 2
24960 0
24963 0
24966 4
24969 2
24972 1
24975 1
24978 1
24981 1
24984 1
24987 2
24990 0
24993 0
24996 0
24999 3
25002 0
25005 0
25008 0
25011 0
25014 2
25017 1
25020 0
25023 2
25026 2
25029 0
25032 0
25035 1
25038 0
25041 1
25044 0
25047 0
25050 1
25053 0
25056 0
25059 0
25062 1
25065 0
25068 1
25071 5
25074 3
25077 7
25080 4
25083 3
25086 1
25089 4
25092 3
25095 1
25098 1
25101 1
25104 1
25107 1
25110 1
25113 1
25116 1
25119 1
25122 1
25125 1
25128 1
25131 1
25134 1
25137 0
25140 0
25143 0
25146 2
25149 0
25152 0
25155 0
25158 8
25161 0
25164 3
25167 0
25170 0
25173 0
25176 0
25179 0
25182 0
25185 0
25188 0
25191 0
25194 0
25197 0
25200 1
25203 0
25206 0
25209 0
25212 0
25215 1
25218 0
25221 0
25224 0
25227 0
25230 0
25233 0
25236 0
25239 0
25242 0
25245 0
25248 0
25251 0
25254 0
25257 0
25260 0
25263 0
25266 1
25269 0
25272 0
25275 0
25278 0
25281 0
25284 1
25287 0
25290 0
25293 0
25296 0
25299 0
25302 3
25305 1
25308 3
25311 1
25314 1
25317 0
25320 3
25323 22
25326 9
25329 0
25332 0
25335 2
25338 1
25341 0
25344 1
25347 1
25350 0
25353 1
25356 1
25359 0
25362 0
25365 0
25368 0
25371 0
25374 1
25377 1
25380 0
25383 0
25386 0
25389 0
25392 1
25395 1
25398 0
25401 0
25404 0
25407 0
25410 0
25413 0
25416 0
25419 0
25422 0
25425 0
25428 0
25431 1
25434 1
25437 0
25440 0
25443 0
25446 0
25449 0
25452 0
25455 0
25458 2
25461 0
25464 0
25467 1
25470 1
25473 0
25476 1
25479 1
25482 0
25485 0
25488 3
25491 1
25494 0
25497 0
25500 0
25503 1
25506 1
25509 1
25512 1
25515 1
25518 2
25521 1
25524 2
25527 0
25530 0
25533 0
25536 0
25539 2
25542 1
25545 1
25548 0
25551 0
25554 0
25557 0
25560 0
25563 1
25566 0
25569 2
25572 1
25575 2
25578 0
25581 1
25584 1
25587 3
25590 0
25593 4
25596 0
25599 1
25602 3
25605 3
25608 0
25611 2
25614 1
25617 0
25620 0
25623 0
25626 0
25629 2
25632 1
25635 0
25638 0
25641 1
25644 0
25647 5
25650 4
25653 0
25656 0
25659 1
25662 0
25665 1
25668 1
25671 1
25674 0
25677 0
25680 0
25683 0
25686 0
25689 0
25692 0
25695 0
25698 0
25701 0
25704 0
25707 0
25710 0
25713 0
25716 0
25719 0
25722 0
25725 0
25728 0
25731 1
25734 0
25737 1
25740 1
25743 1
25746 0
25749 0
25752 0
25755 0
25758 1
25761 2
25764 1
25767 2
25770 1
25773 0
25776 3
25779 1
25782 1
25785 0
25788 0
25791 4
25794 2
25797 0
25800 0
25803 3
25806 0
25809 0
25812 0
25815 0
25818 0
25821 0
25824 1
25827 1
25830 0
25833 1
25836 0
25839 3
25842 1
25845 3
25848 5
25851 0
25854 3
25857 1
25860 1
25863 1
25866 1
25869 3
25872 0
25875 1
25878 0
25881 0
25884 1
25887 1
25890 1
25893 1
25896 0
25899 0
25902 0
25905 0
25908 0
25911 1
25914 0
25917 0
25920 1
25923 0
25926 2
25929 0
25932 2
25935 0
25938 0
25941 1
25944 0
25947 0
25950 0
25953 0
25956 0
25959 0
25962 0
25965 0
25968 0
25971 1
25974 0
25977 1
25980 1
25983 0
25986 1
25989 1
25992 0
25995 1
25998 2
26001 2
26004 0
26007 10
26010 4
26013 5
26016 4
26019 5
26022 1
26025 0
26028 4
26031 5
26034 5
26037 0
26040 9
26043 2
26046 2
26049 5
26052 1
26055 0
26058 2
26061 4
26064 2
26067 3
26070 2
26073 2
26076 0
26079 2
26082 2
26085 0
26088 0
26091 0
26094 0
26097 0
26100 0
26103 0
26106 0
26109 0
26112 0
26115 0
26118 0
26121 0
26124 0
26127 0
26130 0
26133 0
26136 1
26139 0
26142 4
26145 1
26148 1
26151 1
26154 0
26157 0
26160 0
26163 6
26166 0
26169 1
26172 0
26175 0
26178 0
26181 2
26184 1
26187 0
26190 0
26193 0
26196 0
26199 0
26202 1
26205 0
26208 0
26211 1
26214 4
26217 5
26220 4
26223 1
26226 1
26229 1
26232 0
26235 0
26238 0
26241 0
26244 1
26247 0
26250 0
26253 0
26256 0
26259 0
26262 0
26265 0
26268 0
26271 0
26274 2
26277 3
26280 0
26283 0
26286 0
26289 0
26292 0
26295 0
26298 0
26301 0
26304 0
26307 0
26310 0
26313 0
26316 0
26319 0
26322 3
26325 4
26328 4
26331 0
26334 1
26337 3
26340 3
26343 3
26346 0
26349 0
26352 1
26355 2
26358 2
26361 1
26364 1
26367 1
26370 1
26373 1
26376 1
26379 0
26382 0
26385 1
26388 5
26391 5
26394 0
26397 0
26400 0
26403 0
26406 0
26409 0
26412 0
26415 0
26418 0
26421 0
26424 0
26427 1
26430 4
26433 1
26436 0
26439 0
26442 0
26445 0
26448 2
26451 0
26454 5
26457 0
26460 0
26463 1
26466 0
26469 0
26472 0
26475 0
26478 1
26481 0
26484 0
26487 2
26490 0
26493 0
26496 0
26499 3
26502 4
26505 2
26508 0
26511 1
26514 0
26517 2
26520 2
26523 0
26526 5
26529 4
26532 2
26535 1
26538 3
26541 1
26544 0
26547 0
26550 0
26553 0
26556 0
26559 0
26562 0
26565 0
26568 1
26571 1
26574 1
26577 1
26580 1
26583 2
26586 0
26589 0
26592 0
26595 1
26598 0
26601 0
26604 0
26607 0
26610 0
26613 0
26616 0
26619 0
26622 0
26625 0
26628 0
26631 0
26634 0
26637 2
26640 0
26643 0
26646 0
26649 0
26652 0
26655 0
26658 0
26661 1
26664 2
26667 0
26670 0
26673 0
26676 3
26679 0
26682 1
26685 1
26688 1
26691 1
26694 1
26697 0
26700 0
26703 1
26706 0
26709 6
26712 0
26715 1
26718 1
26721 2
26724 2
26727 0
26730 1
26733 0
26736 0
26739 0
26742 2
26745 0
26748 0
26751 0
26754 0
26757 0
26760 0
26763 0
26766 1
26769 0
26772 0
26775 0
26778 0
26781 0
26784 0
26787 0
26790 0
26793 0
26796 0
26799 0
26802 0
26805 0
26808 0
26811 13
26814 1
26817 8
26820 1
26823 0
26826 0
26829 1
26832 4
26835 0
26838 0
26841 1
26844 0
26847 1
26850 0
26853 2
26856 3
26859 1
26862 0
26865 0
26868 1
26871 1
26874 1
26877 0
26880 1
26883 3
26886 2
26889 2
26892 0
26895 0
26898 1
26901 0
26904 1
26907 1
26910 1
26913 2
26916 1
26919 0
26922 0
26925 1
26928 0
26931 1
26934 0
26937 0
26940 3
26943 2
26946 1
26949 1
26952 1
26955 1
26958 2
26961 3
26964 2
26967 1
26970 1
26973 1
26976 1
26979 1
26982 0
26985 4
26988 1
26991 0
26994 0
26997 2
27000 0
27003 2
27006 2
27009 0
27012 0
27015 1
27018 2
27021 1
27024 1
27027 1
27030 2
27033 2
27036 3
27039 3
27042 3
27045 1
27048 1
27051 2
27054 1
27057 2
27060 2
27063 2
27066 2
27069 0
27072 5
27075 1
27078 2
27081 2
27084 2
27087 0
27090 4
27093 0
27096 2
27099 1
27102 1
27105 0
27108 3
27111 0
27114 1
27117 1
27120 0
27123 1
27126 3
27129 0
27132 1
27135 0
27138 1
27141 0
27144 0
27147 2
27150 4
27153 0
27156 1
27159 1
27162 0
27165 0
27168 2
27171 2
27174 3
27177 3
27180 3
27183 2
27186 1
27189 0
27192 2
27195 1
27198 0
27201 1
27204 1
27207 2
27210 3
27213 1
27216 2
27219 1
27222 1
27225 3
27228 0
27231 1
27234 1
27237 2
27240 2
27243 1
27246 1
27249 1
27252 2
27255 1
27258 3
27261 1
27264 1
27267 2
27270 2
27273 3
27276 0
27279 0
27282 0
27285 1
27288 1
27291 0
27294 1
27297 1
27300 2
27303 1
27306 2
27309 1
27312 1
27315 0
27318 0
27321 1
27324 2
27327 1
27330 3
27333 2
27336 1
27339 1
27342 2
27345 2
27348 1
27351 3
27354 1
27357 2
27360 4
27363 0
27366 1
27369 1
27372 2
27375 0
27378 0
27381 0
27384 1
27387 0
27390 0
27393 0
27396 0
27399 0
27402 0
27405 1
27408 1
27411 1
27414 1
27417 0
27420 0
27423 0
27426 0
27429 1
27432 0
27435 1
27438 1
27441 1
27444 1
27447 0
27450 0
27453 0
27456 0
27459 1
27462 1
27465 1
27468 1
27471 1
27474 0
27477 1
27480 0
27483 1
27486 0
27489 0
27492 0
27495 1
27498 1
27501 0
27504 0
27507 1
27510 1
27513 0
27516 1
27519 0
27522 0
27525 1
27528 0
27531 0
27534 3
27537 0
27540 0
27543 0
27546 0
27549 0
27552 0
27555 0
27558 0
27561 1
27564 1
27567 2
27570 1
27573 1
27576 0
27579 0
27582 0
27585 1
27588 1
27591 0
27594 0
27597 0
27600 0
27603 0
27606 1
27609 0
27612 0
27615 0
27618 1
27621 1
27624 0
27627 1
27630 2
27633 1
27636 1
27639 1
27642 0
27645 0
27648 0
27651 0
27654 0
27657 1
27660 0
27663 0
27666 0
27669 0
27672 0
27675 0
27678 0
27681 0
27684 0
27687 0
27690 0
27693 0
27696 0
27699 0
27702 0
27705 0
27708 0
27711 0
27714 1
27717 1
27720 0
27723 0
27726 1
27729 2
27732 2
27735 4
27738 2
27741 2
27744 3
27747 1
27750 1
27753 5
27756 2
27759 3
27762 2
27765 1
27768 1
27771 0
27774 1
27777 1
27780 1
27783 0
27786 0
27789 3
27792 2
27795 2
27798 2
27801 2
27804 2
27807 2
27810 3
27813 0
27816 2
27819 0
27822 0
27825 0
27828 0
27831 0
27834 0
27837 1
27840 1
27843 1
27846 1
27849 1
27852 0
27855 0
27858 0
27861 0
27864 1
27867 3
27870 3
27873 1
27876 4
27879 1
27882 2
27885 2
27888 6
27891 1
27894 7
27897 1
27900 4
27903 1
27906 4
27909 1
27912 1
27915 2
27918 7
27921 3
27924 2
27927 1
27930 0
27933 0
27936 0
27939 0
27942 0
27945 0
27948 0
27951 0
27954 1
27957 2
27960 1
27963 2
27966 2
27969 2
27972 4
27975 2
27978 8
27981 2
27984 2
27987 2
27990 6
27993 2
27996 1
27999 1
28002 1
28005 3
28008 0
28011 0
28014 2
28017 0
28020 0
28023 0
28026 0
28029 0
28032 0
28035 0
28038 0
28041 2
28044 0
28047 0
28050 0
28053 0
28056 0
28059 0
28062 1
28065 0
28068 0
28071 0
28074 1
28077 1
28080 0
28083 0
28086 0
28089 0
28092 0
28095 1
28098 0
28101 0
28104 0
28107 2
28110 2
28113 1
28116 0
28119 0
28122 1
28125 1
28128 0
28131 2
28134 1
28137 0
28140 2
28143 2
28146 2
28149 0
28152 0
28155 0
28158 0
28161 0
28164 0
28167 0
28170 0
28173 0
28176 0
28179 0
28182 0
28185 0
28188 0
28191 2
28194 0
28197 0
28200 0
28203 0
28206 0
28209 0
28212 0
28215 0
28218 0
28221 0
28224 0
28227 0
28230 0
28233 0
28236 0
28239 0
28242 0
28245 0
28248 0
28251 0
28254 0
28257 0
28260 0
28263 0
28266 0
28269 0
28272 0
28275 0
28278 0
28281 0
28284 0
28287 0
28290 0
28293 0
28296 0
28299 0
28302 0
28305 0
28308 0
28311 0
28314 0
28317 0
28320 1
28323 0
28326 0
28329 0
28332 0
28335 0
28338 0
28341 0
28344 0
28347 0
28350 0
28353 0
28356 0
28359 0
28362 0
28365 0
28368 0
28371 0
28374 0
28377 0
28380 0
28383 0
28386 0
28389 1
28392 0
28395 0
28398 0
28401 0
28404 0
28407 0
28410 0
28413 0
28416 0
28419 1
28422 0
28425 0
28428 0
28431 0
28434 0
28437 0
28440 1
28443 2
28446 1
28449 1
28452 0
28455 0
28458 1
28461 1
28464 1
28467 1
28470 1
28473 1
28476 1
28479 0
28482 0
28485 0
28488 0
28491 1
28494 1
28497 1
28500 0
28503 1
28506 0
28509 3
28512 0
28515 3
28518 1
28521 1
28524 1
28527 0
28530 0
28533 0
28536 0
28539 2
28542 2
28545 0
28548 0
28551 1
28554 1
28557 1
28560 1
28563 2
28566 1
28569 1
28572 2
28575 0
28578 1
28581 1
28584 0
28587 2
28590 0
28593 1
28596 0
28599 2
28602 1
28605 1
28608 0
28611 5
28614 3
28617 3
28620 1
28623 3
28626 0
28629 1
28632 1
28635 0
28638 4
28641 1
28644 2
28647 2
28650 0
28653 0
28656 0
28659 1
28662 2
28665 1
28668 0
28671 0
28674 0
28677 3
28680 0
28683 0
28686 0
28689 0
28692 2
28695 0
28698 0
28701 0
28704 2
28707 0
28710 0
28713 1
28716 0
28719 3
28722 2
28725 2
28728 0
28731 2
28734 0
28737 1
28740 0
28743 0
28746 0
28749 0
28752 0
28755 0
28758 1
28761 0
28764 0
28767 0
28770 0
28773 0
28776 0
28779 0
28782 0
28785 0
28788 0
28791 2
28794 3
28797 0
28800 1
28803 1
28806 0
28809 2
28812 0
28815 1
28818 2
28821 3
28824 1
28827 1
28830 0
28833 0
28836 0
28839 1
28842 0
28845 1
28848 1
28851 1
28854 1
28857 1
28860 0
28863 1
28866 1
28869 1
28872 0
28875 0
28878 2
28881 0
28884 0
28887 1
28890 0
28893 0
28896 0
28899 0
28902 0
28905 0
28908 0
28911 1
28914 2
28917 0
28920 0
28923 1
28926 1
28929 1
28932 3
28935 0
28938 0
28941 1
28944 1
28947 0
28950 0
28953 0
28956 0
28959 1
28962 0
28965 0
28968 1
28971 1
28974 3
28977 1
28980 1
28983 1
28986 1
28989 1
28992 1
28995 1
28998 0
29001 1
29004 0
29007 0
29010 0
29013 0
29016 2
29019 0
29022 1
29025 0
29028 1
29031 1
29034 1
29037 1
29040 2
29043 1
29046 1
29049 1
29052 0
29055 2
29058 2
29061 1
29064 1
29067 3
29070 3
29073 0
29076 0
29079 0
29082 1
29085 2
29088 0
29091 0
29094 1
29097 1
29100 1
29103 0
29106 1
29109 3
29112 1
29115 0
29118 0
29121 0
29124 0
29127 0
29130 0
29133 1
29136 1
29139 0
29142 2
29145 0
29148 0
29151 2
29154 0
29157 1
29160 0
29163 1
29166 0
29169 1
29172 1
29175 2
29178 0
29181 0
29184 0
29187 0
29190 1
29193 1
29196 1
29199 1
29202 0
29205 1
29208 1
29211 0
29214 1
29217 0
29220 0
29223 0
29226 0
29229 1
29232 0
29235 0
29238 1
29241 0
29244 1
29247 1
29250 0
29253 0
29256 0
29259 0
29262 2
29265 1
29268 1
29271 0
29274 0
29277 0
29280 0
29283 3
29286 1
29289 1
29292 1
29295 1
29298 0
29301 1
29304 1
29307 1
29310 1
29313 0
29316 0
29319 0
29322 0
29325 0
29328 0
29331 0
29334 0
29337 1
29340 1
29343 0
29346 0
29349 1
29352 0
29355 1
29358 2
29361 1
29364 1
29367 1
29370 1
29373 1
29376 0
29379 0
29382 1
29385 0
29388 0
29391 0
29394 1
29397 1
29400 0
29403 0
29406 1
29409 1
29412 1
29415 1
29418 1
29421 1
29424 1
29427 1
29430 1
29433 1
29436 0
29439 0
29442 0
29445 1
29448 1
29451 1
29454 3
29457 0
29460 0
29463 2
29466 0
29469 2
29472 2
29475 0
29478 1
29481 0
29484 2
29487 1
29490 1
29493 1
29496 1
29499 0
29502 0
29505 1
29508 1
29511 1
29514 1
29517 1
29520 1
29523 1
29526 1
29529 1
29532 1
29535 1
29538 1
29541 0
29544 0
29547 1
29550 0
29553 2
29556 0
29559 0
29562 2
29565 1
29568 1
29571 0
29574 0
29577 0
29580 0
29583 1
29586 1
29589 1
29592 0
29595 1
29598 2
29601 2
29604 1
29607 1
29610 0
29613 2
29616 5
29619 4
29622 3
29625 4
29628 1
29631 2
29634 1
29637 2
29640 1
29643 1
29646 1
29649 1
29652 0
29655 2
29658 2
29661 1
29664 0
29667 0
29670 0
29673 2
29676 0
29679 0
29682 0
29685 1
29688 1
29691 0
29694 1
29697 2
29700 3
29703 0
29706 1
29709 2
29712 1
29715 1
29718 1
29721 0
29724 0
29727 2
29730 1
29733 1
29736 1
29739 1
29742 1
29745 1
29748 1
29751 1
29754 0
29757 0
29760 0
29763 2
29766 1
29769 0
29772 1
29775 0
29778 0
29781 0
29784 1
29787 2
29790 3
29793 1
29796 1
29799 2
29802 0
29805 3
29808 2
29811 2
29814 1
29817 1
29820 0
29823 0
29826 2
29829 0
29832 0
29835 2
29838 2
29841 0
29844 1
29847 0
29850 0
29853 0
29856 0
29859 1
29862 1
29865 1
29868 1
29871 0
29874 0
29877 0
29880 1
29883 5
29886 2
29889 3
29892 3
29895 2
29898 1
29901 0
29904 0
29907 0
29910 0
29913 0
29916 0
29919 0
29922 1
29925 1
29928 0
29931 0
29934 0
29937 0
29940 0
29943 1
29946 0
29949 0
29952 0
29955 0
29958 0
29961 0
29964 0
29967 0
29970 0
29973 0
29976 0
29979 0
29982 0
29985 0
29988 0
29991 0
29994 0
29997 0
30000 0
30003 0
30006 0
30009 0
30012 0
30015 0
30018 0
30021 0
30024 0
30027 0
30030 0
30033 0
30036 0
30039 0
30042 0
30045 0
30048 0
30051 0
30054 0
30057 0
30060 0
30063 0
30066 0
30069 0
30072 1
30075 1
30078 1
30081 1
30084 1
30087 2
30090 1
30093 1
30096 1
30099 1
30102 1
30105 1
30108 0
30111 0
30114 0
30117 0
30120 0
30123 1
30126 0
30129 0
30132 0
30135 0
30138 0
30141 0
30144 0
30147 0
30150 0
30153 0
30156 0
30159 0
30162 0
30165 0
30168 0
30171 0
30174 0
30177 1
30180 0
30183 0
30186 1
30189 0
30192 0
30195 1
30198 0
30201 0
30204 0
30207 0
30210 1
30213 0
30216 0
30219 0
30222 0
30225 0
30228 1
30231 0
30234 1
30237 0
30240 1
30243 2
30246 1
30249 0
30252 1
30255 0
30258 0
30261 1
30264 0
30267 1
30270 0
30273 0
30276 0
30279 1
30282 0
30285 0
30288 0
30291 0
30294 0
30297 1
30300 1
30303 0
30306 1
30309 1
30312 1
30315 1
30318 1
30321 1
30324 1
30327 4
30330 0
30333 0
30336 0
30339 0
30342 0
30345 0
30348 0
30351 0
30354 1
30357 0
30360 0
30363 1
30366 1
30369 0
30372 2
30375 1
30378 1
30381 2
30384 1
30387 2
30390 2
30393 0
30396 2
30399 2
30402 0
30405 0
30408 0
30411 0
30414 0
30417 0
30420 0
30423 2
30426 2
30429 1
30432 1
30435 1
30438 4
30441 0
30444 2
30447 0
30450 1
30453 1
30456 0
30459 0
30462 0
30465 1
30468 1
30471 1
30474 1
30477 2
30480 1
30483 1
30486 0
30489 1
30492 1
30495 1
30498 1
30501 3
30504 0
30507 0
30510 0
30513 2
30516 0
30519 0
30522 0
30525 1
30528 0
30531 1
30534 0
30537 1
30540 0
30543 0
30546 1
30549 0
30552 3
30555 0
30558 0
30561 0
30564 0
30567 0
30570 1
30573 0
30576 0
30579 1
30582 1
30585 0
30588 1
30591 0
30594 0
30597 2
30600 0
30603 0
30606 0
30609 0
30612 0
30615 0
30618 0
30621 0
30624 1
30627 0
30630 0
30633 0
30636 0
30639 0
30642 0
30645 0
30648 0
30651 0
30654 1
30657 1
30660 0
30663 0
30666 1
30669 0
30672 0
30675 0
30678 0
30681 0
30684 0
30687 0
30690 0
30693 1
30696 0
30699 0
30702 0
30705 0
30708 0
30711 0
30714 0
30717 0
30720 0
30723 1
30726 0
30729 0
30732 0
30735 0
30738 0
30741 0
30744 0
30747 1
30750 0
30753 0
30756 0
30759 0
30762 0
30765 0
30768 0
30771 1
30774 1
30777 1
30780 0
30783 1
30786 1
30789 0
30792 0
30795 1
30798 0
30801 1
30804 0
30807 0
30810 0
30813 0
30816 0
30819 0
30822 0
30825 0
30828 0
30831 0
30834 2
30837 1
30840 1
30843 0
30846 1
30849 0
30852 0
30855 0
30858 1
30861 2
30864 1
30867 0
30870 1
30873 0
30876 1
30879 1
30882 0
30885 1
30888 1
30891 0
30894 0
30897 0
30900 1
30903 0
30906 0
30909 0
30912 0
30915 1
30918 3
30921 0
30924 0
30927 0
30930 0
30933 1
30936 0
30939 0
30942 0
30945 0
30948 0
30951 0
30954 0
30957 0
30960 0
30963 0
30966 0
30969 0
30972 0
30975 0
30978 0
30981 0
30984 0
30987 1
30990 1
30993 1
30996 2
30999 1
31002 0
31005 1
31008 0
31011 0
31014 0
31017 0
31020 0
31023 0
31026 0
31029 0
31032 1
31035 0
31038 0
31041 0
31044 0
31047 0
31050 0
31053 0
31056 0
31059 0
31062 0
31065 0
31068 0
31071 0
31074 0
31077 0
31080 0
31083 0
31086 0
31089 0
31092 0
31095 0
31098 0
31101 0
31104 0
31107 0
31110 0
31113 0
31116 0
31119 0
31122 0
31125 0
31128 0
31131 0
31134 0
31137 0
31140 0
31143 0
31146 0
31149 0
31152 0
31155 0
31158 0
31161 0
31164 0
31167 0
31170 0
31173 0
31176 0
31179 0
31182 0
31185 0
31188 0
31191 0
31194 0
31197 0
31200 0
31203 0
31206 0
31209 0
31212 1
31215 1
31218 0
31221 0
31224 0
31227 0
31230 0
31233 0
31236 0
31239 0
31242 0
31245 0
31248 0
31251 0
31254 0
31257 0
31260 0
31263 0
31266 0
31269 0
31272 0
31275 0
31278 0
31281 0
31284 0
31287 0
31290 0
31293 0
31296 0
31299 0
31302 0
31305 0
31308 0
31311 0
31314 0
31317 0
31320 0
31323 0
31326 0
31329 0
31332 0
31335 0
31338 0
31341 0
31344 0
31347 0
31350 0
31353 0
31356 0
31359 0
31362 0
31365 1
31368 1
31371 1
31374 1
31377 1
31380 0
31383 0
31386 1
31389 1
31392 1
31395 1
31398 0
31401 0
31404 2
31407 2
31410 2
31413 1
31416 1
31419 1
31422 0
31425 1
31428 2
31431 0
31434 0
31437 0
31440 0
31443 0
31446 0
31449 0
31452 0
31455 0
31458 0
31461 0
31464 0
31467 0
31470 0
31473 1
31476 0
31479 0
31482 0
31485 0
31488 1
31491 0
31494 0
31497 0
31500 0
31503 1
31506 0
31509 0
31512 0
31515 0
31518 0
31521 0
31524 0
31527 0
31530 0
31533 0
31536 0
31539 0
31542 0
31545 0
31548 0
31551 0
31554 0
31557 0
31560 0
31563 0
31566 0
31569 0
31572 0
31575 0
31578 0
31581 0
31584 0
31587 0
31590 0
31593 0
31596 0
31599 2
31602 0
31605 0
31608 0
31611 0
31614 0
31617 0
31620 0
31623 0
31626 0
31629 0
31632 0
31635 0
31638 0
31641 0
31644 0
31647 0
31650 0
31653 0
31656 0
31659 0
31662 0
31665 0
31668 0
31671 0
31674 0
31677 0
31680 0
31683 0
31686 0
31689 0
31692 0
31695 0
31698 0
31701 0
31704 0
31707 0
31710 0
31713 0
31716 0
31719 0
31722 0
31725 0
31728 0
31731 0
31734 0
31737 0
31740 0
31743 0
31746 0
31749 0
31752 0
31755 0
31758 0
31761 0
31764 0
31767 1
31770 0
31773 1
31776 0
31779 0
31782 0
31785 0
31788 0
31791 0
31794 0
31797 0
31800 0
31803 0
31806 0
31809 0
31812 0
31815 0
31818 0
31821 0
31824 0
31827 0
31830 0
31833 0
31836 0
31839 1
31842 0
31845 0
31848 0
31851 0
31854 0
31857 0
31860 0
31863 0
31866 0
31869 0
31872 0
31875 0
31878 0
31881 0
31884 0
31887 0
31890 0
31893 0
31896 0
31899 0
31902 0
31905 0
31908 0
31911 0
31914 0
31917 0
31920 0
31923 0
31926 0
31929 0
31932 0
31935 0
31938 0
31941 0
31944 0
31947 0
31950 0
31953 0
31956 0
31959 0
31962 0
31965 0
31968 0
31971 0
31974 0
31977 0
31980 0
31983 0
31986 0
31989 0
31992 0
31995 0
31998 0
32001 0
32004 0
32007 0
32010 0
32013 0
32016 0
32019 0
32022 0
32025 0
32028 0
32031 0
32034 0
32037 0
32040 0
32043 0
32046 0
32049 0
32052 0
32055 0
32058 0
32061 0
32064 0
32067 0
32070 0
32073 0
32076 0
32079 0
32082 0
32085 0
32088 0
32091 0
32094 0
32097 0
32100 0
32103 0
32106 0
32109 0
32112 0
32115 0
32118 0
32121 0
32124 0
32127 0
32130 0
32133 0
32136 0
32139 0
32142 0
32145 0
32148 0
32151 0
32154 0
32157 1
32160 0
32163 0
32166 2
32169 0
32172 0
32175 0
32178 0
32181 0
32184 0
32187 0
32190 0
32193 0
32196 0
32199 0
32202 0
32205 0
32208 0
32211 0
32214 0
32217 0
32220 0
32223 1
32226 0
32229 0
32232 0
32235 0
32238 0
32241 0
32244 0
32247 0
32250 0
32253 0
32256 0
32259 0
32262 0
32265 0
32268 0
32271 0
32274 0
32277 0
32280 0
32283 0
32286 0
32289 0
32292 0
32295 0
32298 0
32301 0
32304 0
32307 0
32310 0
32313 0
32316 0
32319 0
32322 0
32325 0
32328 0
32331 0
32334 0
32337 0
32340 0
32343 0
32346 0
32349 0
32352 0
32355 0
32358 0
32361 1
32364 0
32367 0
32370 0
32373 0
32376 0
32379 0
32382 0
32385 0
32388 0
32391 0
32394 0
32397 0
32400 0
32403 0
32406 0
32409 0
32412 0
32415 0
32418 0
32421 0
32424 0
32427 0
32430 0
32433 0
32436 0
32439 0
32442 0
32445 0
32448 0
32451 0
32454 0
32457 0
32460 0
32463 0
32466 0
32469 0
32472 0
32475 0
32478 0
32481 0
32484 0
32487 0
32490 0
32493 0
32496 0
32499 0
32502 0
32505 0
32508 0
32511 0
32514 0
32517 0
32520 0
32523 0
32526 0
32529 0
32532 0
32535 0
32538 0
32541 0
32544 0
32547 0
32550 0
32553 0
32556 0
32559 0
32562 0
32565 0
32568 0
32571 0
32574 0
32577 0
32580 0
32583 0
32586 0
32589 0
32592 0
32595 0
32598 0
32601 0
32604 0
32607 0
32610 0
32613 0
32616 0
32619 0
32622 0
32625 0
32628 0
32631 0
32634 0
32637 0
32640 0
32643 0
32646 0
32649 0
32652 0
32655 0
32658 0
32661 0
32664 0
32667 0
32670 0
32673 0
32676 3
32679 0
32682 0
32685 0
32688 0
32691 0
32694 0
32697 0
32700 0
32703 0
32706 0
32709 0
32712 0
32715 0
32718 0
32721 0
32724 0
32727 0
32730 1
32733 0
32736 0
32739 2
32742 0
32745 2
32748 1
32751 1
32754 0
32757 0
32760 0
32763 0
32766 0
