NodeId CentralityValue0 17
1 14
2 9
3 16
4 16
5 7
6 8
7 5
8 11
9 17
10 14
11 12
12 12
13 11
14 13
15 4
16 9
17 15
18 11
19 14
20 14
21 11
22 6
23 13
24 1
25 18
26 18
27 5
28 1
29 3
30 16
31 11
32 1
33 13
34 6
35 10
36 4
37 4
38 14
39 16
41 5
136 16
137 24
138 6
139 2
140 10
141 17
142 4
143 5
144 11
40 5
42 4
43 1
44 17
45 7
46 19
47 2
48 9
49 1
199 10
756 26
1116 32
2537 14
2787 29
3307 9
4524 16
4674 5
6016 4
7040 12
79 10
80 12
81 17
82 1
83 23
84 14
85 7
86 7
87 18
88 13
69 8
70 3
71 16
72 3
73 15
74 9
75 21
76 15
77 13
78 6
50 3
51 3
52 11
53 6
54 17
55 4
56 1
57 7
58 25
59 2
60 2
61 6
62 10
63 3
64 1
65 19
66 13
67 9
68 2
108 5
109 14
110 14
111 2
112 12
113 11
114 9
115 16
116 2
98 9
99 46
100 4
101 13
102 11
103 5
104 1
105 5
106 26
107 18
89 20
90 25
91 17
92 27
93 23
94 24
95 2
96 11
97 25
654 14
185 23
186 10
117 10
118 24
119 11
120 23
121 22
122 8
123 13
124 20
125 21
126 5
155 6
156 1
157 16
158 10
159 9
160 3
161 22
162 18
163 1
164 7
127 52
128 29
129 35
130 31
131 44
132 33
133 35
134 12
135 1
145 5
146 15
147 47
148 28
149 25
150 16
151 2
152 4
153 11
154 13
165 58
166 12
167 32
168 37
169 5
170 28
171 58
172 5
173 3
174 18
184 13
175 12
176 18
177 8
178 13
179 1
180 20
181 12
182 10
183 8
197 2
198 15
200 30
201 13
202 7
203 5
204 7
205 25
187 21
188 1
189 18
190 27
191 4
192 21
193 6
194 13
195 15
196 3
216 6
217 15
218 10
219 3
220 36
221 9
222 6
206 17
207 11
208 4
209 6
210 1
211 4
212 1
213 18
214 3
215 2
294 2
309 3
310 5
311 22
312 1
490 1
491 9
492 2
232 4
233 7
234 18
235 12
236 15
237 24
238 18
239 22
240 16
750 18
1014 15
2738 21
3186 2
3297 24
5969 1
5970 2
5971 1
223 24
224 8
225 7
226 5
227 11
228 5
229 14
230 7
231 8
408 51
820 13
2619 17
2952 24
4166 21
4657 15
4754 11
5031 4
6337 1
6338 14
241 16
242 12
243 9
244 18
245 10
246 5
247 10
248 15
292 16
293 8
295 11
296 25
297 1
298 3
266 26
267 29
268 13
269 2
270 17
271 1
272 14
273 16
274 2
259 1
260 32
261 63
262 20
263 59
264 15
265 24
249 7
250 6
251 13
252 22
253 10
254 15
255 11
256 16
257 5
258 5
275 23
276 6
277 17
278 2
279 3
280 14
281 14
282 12
283 1
284 3
285 13
286 14
287 13
288 19
289 13
290 19
291 4
299 4
300 11
301 10
302 7
303 6
304 14
305 13
306 4
307 6
308 16
333 5
334 2
335 17
336 2
337 4
338 3
339 4
340 22
341 1
342 12
502 7
742 21
871 17
872 3
873 2
874 11
875 6
876 3
877 2
878 4
879 4
880 9
881 1
882 12
883 7
884 3
885 8
320 7
321 2
322 7
323 10
324 3
325 12
326 12
327 16
328 21
329 26
330 21
331 11
332 8
313 5
314 35
315 21
316 15
317 15
318 12
319 16
343 28
344 41
345 55
346 30
347 31
348 44
349 13
2981 6
6479 22
7381 8
8612 3
8842 3
8843 14
8844 1
8845 4
350 8
385 17
386 13
387 12
388 11
389 4
390 24
391 5
392 8
393 7
394 6
351 5
352 12
353 2
354 17
355 12
356 20
357 1
358 12
359 4
360 16
361 4
362 2
363 2
364 4
365 6
366 1
367 8
395 6
396 5
397 26
398 1
399 12
400 5
401 5
402 10
403 6
404 2
512 20
368 1
369 9
370 2
371 6
372 4
373 5
374 15
375 18
376 5
377 2
378 14
379 10
380 3
381 21
382 17
383 3
384 4
438 14
439 15
440 11
441 1
442 7
443 22
444 8
445 13
480 14
481 14
482 4
483 14
484 12
485 7
486 17
487 21
488 5
489 12
415 3
416 5
417 1
418 2
405 34
406 1
407 65
409 15
410 62
411 25
412 46
413 14
414 1
419 2
420 3
421 15
422 7
423 14
424 19
425 1
426 12
427 12
428 14
470 9
471 1
472 2
473 14
474 13
475 13
476 14
477 5
478 9
479 6
957 4
958 19
1475 9
2364 38
2799 12
3641 2
3681 8
3682 5
3683 4
3684 19
3685 5
3686 3
429 20
430 22
431 8
432 7
433 18
434 1
435 3
436 10
437 14
2518 16
3309 1
3310 2
3311 18
3312 11
3313 6
3314 4
3315 13
3316 4
3317 10
446 11
447 19
448 12
449 2
450 3
451 5
452 1
453 61
454 13
455 8
456 9
457 2
458 12
459 9
460 2
461 4
462 1
463 16
464 12
465 2
466 13
467 18
468 15
469 9
570 19
1210 8
1755 17
2002 19
2773 13
3680 17
4229 1
4230 4
4231 2
4232 12
730 14
1198 54
1454 13
4191 14
4694 15
5062 12
5626 10
8253 3
8958 3
493 16
494 9
495 43
496 11
497 12
498 16
499 7
500 8
501 4
503 7
504 9
505 19
506 14
507 12
508 4
509 2
510 15
511 7
513 3
514 1
515 21
516 16
517 10
518 4
519 11
520 9
521 8
522 2
523 3
524 12
525 1
526 13
527 13
528 8
529 1
530 2
531 12
532 4
533 14
534 14
535 13
536 10
537 8
538 20
539 4
540 7
541 1
542 12
543 5
544 9
545 21
546 7
547 19
548 9
549 11
550 16
551 9
552 2
553 2
554 5
555 1
580 16
581 18
582 19
583 10
584 2
585 8
586 10
587 5
588 5
556 13
557 2
558 15
559 2
560 18
561 12
562 17
563 11
564 15
565 36
566 43
567 31
568 39
569 20
571 8
572 8
573 2
574 17
575 11
576 16
577 18
578 6
579 2
589 4
590 17
591 14
592 17
593 13
594 5
595 15
596 19
597 13
598 7
599 3
600 10
601 13
602 9
603 14
604 14
605 17
606 9
607 1
608 8
609 2
610 19
611 13
612 3
613 9
614 16
615 22
616 7
617 15
618 3
619 3
620 18
621 21
622 4
623 5
624 11
715 1
716 11
717 16
718 6
719 15
720 17
721 15
722 16
723 14
625 5
626 9
627 6
628 29
629 3
630 25
631 19
632 12
633 25
634 6
635 5
636 11
637 22
638 24
639 15
640 17
641 5
642 20
643 11
644 15
645 2
646 6
647 17
648 29
649 22
650 19
651 1
652 7
653 7
655 1
656 2
657 14
658 7
659 6
660 18
661 16
662 1
663 7
664 21
665 8
666 14
667 2
668 12
669 27
670 7
671 12
672 8
673 12
3578 26
8662 3
693 32
694 18
695 34
696 39
697 21
698 33
699 50
674 18
675 17
676 4
677 17
678 13
679 9
680 9
681 2
682 1
683 14
1091 29
1579 31
2793 13
3004 16
4496 41
4579 8
5173 14
5355 13
9273 3
9357 5
684 13
685 16
686 10
687 11
688 14
689 3
690 2
691 14
692 17
700 7
836 3
4391 18
4596 6
4609 32
4870 28
6699 1
701 8
702 17
703 18
704 10
705 16
706 12
707 3
708 11
709 18
710 9
711 6
712 3
713 13
714 27
724 7
725 3
726 14
727 17
728 10
729 10
731 8
732 6
733 5
734 9
735 13
736 11
737 1
738 7
739 4
740 12
741 5
753 22
754 21
755 3
757 7
758 13
759 12
760 8
743 14
744 13
745 4
746 7
747 2
748 11
749 4
751 1
752 11
761 29
762 25
763 52
764 6
765 42
766 26
767 1
768 13
769 1
770 1
771 3
772 12
773 2
774 15
775 2
776 10
777 5
778 1
779 3
780 1
781 31
782 5
783 2
784 6
785 3
786 23
787 7
788 18
789 18
790 16
791 14
792 12
793 7
794 40
795 13
796 18
797 9
798 12
799 2
800 3
801 11
802 3
1268 6
1269 13
1270 1
1271 1
1272 9
1273 2
1274 14
803 8
804 8
805 1
806 2
807 4
808 3
809 5
810 6
811 13
812 31
813 1
814 4
815 10
816 2
817 1
818 1
837 16
838 19
839 14
840 15
841 16
842 13
819 27
821 12
822 12
823 15
824 19
825 14
826 17
827 14
828 3
829 13
830 12
831 10
832 18
833 14
834 17
835 16
844 12
910 6
911 18
912 16
913 7
914 3
915 1
916 12
917 3
843 3
845 1
846 17
847 14
848 3
849 14
850 22
851 20
852 8
853 15
854 9
855 22
1012 4
1020 9
1021 27
1022 5
1023 1
1024 19
1025 16
1026 18
1275 5
1276 4
1277 1
1278 12
1279 8
1280 10
856 19
857 12
858 11
859 14
860 17
861 3
862 13
863 8
864 16
865 14
866 14
867 47
868 6
869 5
870 19
894 6
895 6
896 12
897 15
898 4
899 2
900 12
886 15
887 6
888 4
889 42
890 14
891 14
892 15
893 16
901 21
902 13
903 7
904 18
905 5
906 11
907 6
908 5
909 4
924 12
925 17
926 5
927 13
928 18
929 6
930 13
931 18
932 18
918 1
919 6
920 20
921 9
922 13
923 20
975 11
976 8
977 18
978 11
979 4
980 4
981 6
933 9
934 16
935 18
936 2
937 12
938 15
939 6
940 5
941 14
942 3
943 17
944 1
945 32
946 18
947 6
1093 9
1588 15
1717 27
2071 13
2122 2
2870 14
2871 12
2872 2
948 7
949 6
950 2
951 2
952 18
953 5
954 11
955 14
956 13
1027 5
1028 1
1029 3
1030 13
1031 25
1032 2
1033 3
1034 4
1011 13
1013 3
1015 16
1016 9
1017 12
1018 13
1019 13
959 2
960 6
961 31
962 1
963 14
964 6
965 10
966 12
967 14
968 11
969 4
970 18
971 13
972 13
973 12
974 2
1044 2
1045 10
1046 3
1047 6
1048 12
1049 10
1050 28
1051 5
1052 12
982 27
983 19
984 35
985 24
986 18
987 56
988 47
989 52
990 13
991 2
992 19
993 16
994 2
995 1
996 11
997 2
998 5
999 1
1000 2
1001 7
1002 1
1003 22
1004 7
1315 26
1005 10
1006 9
1007 2
1008 17
1009 4
1010 2
1035 1
1036 6
1037 10
1038 1
1039 15
1040 2
1041 9
1042 24
1043 1
2226 10
2468 6
3324 7
4303 16
5152 18
5453 17
5495 1
5496 1
1053 22
1054 82
1055 41
1056 65
1057 25
1058 35
1073 18
1074 6
1075 9
1076 11
1077 9
1078 11
1079 18
1080 14
1081 1
1059 2
1060 9
1061 15
1062 14
1063 4
1064 1
1065 13
1066 1
1067 9
1068 2
1069 8
1070 14
1071 9
1072 20
1082 14
1083 4
1084 6
1085 5
1086 15
1087 7
1088 17
1089 9
1090 9
1092 11
1117 13
1094 9
1095 3
1096 1
1097 2
1098 1
1099 3
1100 4
1101 17
1102 14
3038 8
3076 36
6493 15
7397 5
1103 6
1104 2
1105 18
1106 3
1107 18
1108 7
1109 22
1110 14
1118 2
1111 16
1112 14
1113 12
1114 8
1115 6
3091 9
3216 16
3323 7
3325 2
3326 2
3327 6
3328 3
1119 3
1120 1
1121 14
1122 12
1123 9
1124 1
1125 5
1126 5
1127 2
1128 12
1129 2
1130 16
1131 1
1132 3
1133 3
1134 7
1135 14
1136 5
1137 8
1138 3
1139 1
1157 16
1158 16
1159 14
1160 9
1161 6
1162 2
1163 1
1164 48
1165 27
1140 14
1141 21
1142 7
1143 25
1144 6
1145 16
1146 7
1147 1
1148 4
1149 1
1150 4
1151 25
1152 8
1153 14
1154 13
1155 15
1156 5
1166 16
1167 8
1168 18
1169 18
1170 1
1171 15
1172 19
1173 1
1174 2
1175 12
1176 26
1177 14
1178 5
1179 6
1180 12
1181 1
1182 6
1183 10
1184 13
1185 28
1186 30
1187 2
1188 12
1189 1
1190 8
1191 6
1192 14
1193 11
1194 19
1195 10
1196 8
1197 14
1199 14
1200 3
1201 13
1202 16
1203 20
1204 14
1205 4
4998 6
6828 1
1206 1
1207 8
1208 1
1209 2
1211 11
1212 4
1213 2
1214 12
1215 2
1216 7
1217 21
1218 16
1219 14
1220 1
1221 4
1222 5
1223 17
1224 13
1225 5
1226 6
1227 4
1228 15
1229 21
1230 10
1231 18
1232 10
1233 8
1234 14
1235 15
1236 13
1237 1
1238 3
1239 6
1240 13
1241 11
1242 13
1243 16
1244 13
1245 11
1246 12
1247 7
1248 16
1249 6
1250 2
1251 5
1252 30
1253 1
1254 6
1255 36
1256 2
1257 4
1258 18
1259 12
1310 1
1260 2
1261 6
1262 6
1263 12
1264 5
1265 3
1266 5
1267 6
1299 26
1300 13
1301 1
1281 17
1282 26
1283 9
1284 1
1285 11
1286 3
1287 1
1302 2
1303 4
1304 9
1305 14
1306 20
1307 2
1308 18
1309 7
1288 7
1289 11
1290 2
1291 13
1292 11
1293 12
1294 14
1295 18
1296 4
1297 3
1298 1
1311 14
1312 2
1313 6
1314 15
1316 6
1317 17
1318 15
1319 14
1320 9
1321 5
1322 28
1323 20
1324 23
1325 11
1326 3
1747 19
2396 23
2898 18
3513 2
4338 11
4339 1
4340 5
1327 18
1328 15
1329 1
1330 19
1331 1
1332 13
1333 14
1334 17
1335 3
1336 8
1337 3
1338 9
1339 13
1340 16
1341 8
1342 7
1343 1
1344 5
1345 5
1346 1
1347 21
1348 12
1349 12
1350 2
1351 2
1352 14
1353 19
1354 25
1355 1
1356 26
1357 13
1358 1
1359 18
1360 1
1361 12
1362 5
1363 11
1364 13
1365 17
1366 2
1367 18
1368 16
1369 15
1370 11
1371 1
1372 13
1373 16
1374 12
1375 15
1376 4
1377 14
1378 12
1379 12
1380 11
1381 11
1382 21
1383 1
1384 13
1385 4
1386 16
1414 16
1415 13
1416 6
1417 9
1418 4
1419 6
1387 11
1388 11
1389 5
1390 1
1391 19
1392 11
1393 13
1394 1
1395 12
1396 13
1397 3
1398 17
1399 5
1400 16
1401 17
1402 2
1403 3
1404 4
1527 19
1420 1
1421 17
1422 10
1423 6
1424 4
1425 14
1426 6
1405 5
1406 7
1407 2
1408 19
1409 18
1410 14
1411 7
1412 8
1413 1
1427 3
1428 16
1429 8
1430 16
1431 1
1432 7
1433 15
1434 2
1435 8
1436 1
1437 1
1438 1
1439 5
1440 18
1441 8
1448 12
1449 5
1450 15
1451 14
1452 4
1453 11
1455 20
1456 43
1457 2
1442 3
1443 13
1444 13
1445 2
1446 12
1447 2
2808 4
2904 25
3052 16
3502 17
4034 14
4836 2
4837 13
4838 13
4839 15
4840 1
1462 4
1463 11
1464 12
1465 11
1466 2
1467 6
1468 5
1469 10
1470 5
1458 15
1459 16
1460 6
1461 15
1471 9
1472 17
1473 5
1474 8
1476 4
1477 5
1478 1
1479 1
1480 10
1481 4
1482 1
1483 14
1484 2
1485 4
1700 8
1486 5
1487 19
1488 11
1489 13
1490 1
1491 18
1492 3
1493 13
1494 12
1495 11
1496 4
1497 2
1498 1
1499 13
1500 15
1501 14
1502 14
1503 37
1504 24
1505 1
1506 28
2341 10
3530 24
4173 17
5150 12
6417 6
6634 2
6735 6
6736 13
1507 2
1508 3
1509 6
1510 1
1511 11
1512 12
1513 14
1514 5
1515 5
1516 14
1517 11
1518 12
1519 1
1520 5
1528 31
1529 37
1530 9
1531 2
1532 10
1521 4
1522 13
1523 2
1524 1
1525 15
1526 2
1554 2
1555 17
1556 13
1557 2
1558 6
1559 1
1560 5
1544 4
1545 14
1546 13
1547 13
1548 8
1549 15
1550 17
1605 13
1533 21
1534 43
1535 42
1536 56
1537 47
1538 20
1539 1
1540 11
1541 4
1542 6
1543 12
1551 45
1552 27
1553 33
1561 14
1562 12
1563 7
1564 4
1565 14
1566 3
1567 1
1568 13
1569 2
1570 4
1571 8
1572 12
1580 7
1581 14
1582 6
1583 9
1584 15
1573 1
1574 17
1575 6
1576 1
1577 1
1578 3
1709 3
1710 4
1711 21
1712 13
1585 13
1586 16
1587 1
1589 16
1590 13
1591 11
1592 17
1593 9
1594 1
1595 14
1596 12
1597 13
1598 26
1599 4
1600 8
1601 13
1602 2
1603 8
1604 15
1619 12
1620 3
1621 12
1622 13
1623 5
1624 2
1625 19
1626 18
1606 9
1607 12
1608 12
1609 5
1610 4
1611 17
1780 5
1781 12
1782 13
1783 2
1784 1
1612 5
1613 15
1614 28
1615 1
1616 11
1617 1
1618 1
1636 8
1637 3
1638 6
1639 18
1640 6
1641 3
1642 11
1724 7
1816 6
1817 9
1627 5
1628 4
1629 4
1630 13
1631 5
1632 19
1633 20
1634 10
1635 1
1643 15
1644 3
1645 1
1646 14
1647 12
1648 7
1649 1
1650 1
1651 1
1652 18
1653 1
1654 7
1655 64
1656 16
1657 26
1658 16
1659 7
1660 14
1666 9
1661 12
1662 2
1663 19
1664 20
1665 18
1667 5
1668 2
1669 17
1670 20
1671 1
1672 2
1831 3
1866 3
1867 20
1673 8
1674 1
1675 14
1676 4
1677 13
1678 6
1679 2
1680 5
1681 3
1682 14
1683 12
1684 1
1685 15
1686 2
1687 11
1688 12
1689 5
1690 4
1691 13
1692 7
1693 1
1694 4
1695 1
1696 12
1697 25
1698 15
1699 20
1985 10
1986 1
1987 13
1701 9
1702 2
1703 2
1704 5
1705 4
1706 14
1707 1
1708 7
1713 16
1714 12
1715 12
1716 11
1718 17
1719 16
1720 12
1721 15
1722 11
1723 5
1725 5
1726 1
1727 12
1728 6
1729 11
1730 8
1731 6
1732 15
1733 3
1734 2
1735 2
1736 3
1737 2
1738 5
1739 16
1740 16
1741 10
1742 12
1743 6
1744 15
1745 13
1746 16
1748 3
1763 15
1764 24
1765 24
1766 15
1767 3
1768 11
1749 2
1750 16
1751 10
1752 15
1753 1
1754 2
1756 9
1757 14
1758 15
1759 6
1760 16
1761 1
1762 12
1773 12
1774 18
1775 12
1776 15
1823 1
1824 21
1825 3
1826 17
1827 14
1828 3
1829 1
1830 8
1769 9
1770 11
1771 10
1772 15
1832 5
1833 4
3300 17
3429 5
3793 13
6043 11
6226 2
1777 9
1778 7
1779 1
1932 21
4188 4
4427 4
4957 17
5080 11
5081 16
5082 21
1798 4
1799 14
1800 5
1801 4
1802 9
1803 1
1804 2
1785 19
1786 14
1787 18
1788 7
1789 7
1790 6
1791 13
1792 1
1793 7
1794 15
1795 16
1796 4
1797 11
1805 18
1806 10
1807 17
1808 13
1809 19
1810 1
1811 13
1812 2
1813 7
1814 19
1815 3
1818 8
1819 13
1820 10
1821 2
1822 3
1834 10
1835 18
1836 9
1837 12
1838 13
1839 15
1840 12
1841 17
1842 15
1843 3
1844 11
1845 16
1846 17
1847 15
1848 3
1849 13
1850 17
1851 15
1852 6
1873 1
1874 1
1875 1
1876 1
1877 1
1878 1
1879 7
1880 1
1881 12
1882 1
2152 8
1853 4
1854 2
1855 11
1856 15
1857 4
1858 13
1859 12
1860 10
1861 4
1862 6
1863 16
1864 2
1865 1
1868 12
1869 1
1870 5
1871 6
1872 12
2227 14
3166 10
3173 16
3808 5
4204 5
4651 1
4652 8
4653 1
1893 17
1894 2
1895 2
1896 4
1897 4
1898 3
1899 7
1900 16
1901 1
1902 7
1883 23
1884 23
1885 1
1886 10
1887 11
1888 4
1889 1
1890 33
1891 4
1892 7
1903 17
1904 29
1905 29
1912 4
1913 11
1914 5
1915 7
1916 3
1917 4
1918 9
1919 22
1920 11
1921 12
1922 23
1923 10
1924 2
1925 12
1906 1
1907 9
1908 1
1909 14
1910 13
1911 7
1926 1
1927 20
1928 11
1929 17
1930 6
1931 13
1933 17
1934 19
1935 6
1936 10
1937 12
1938 15
1939 12
1940 20
1941 6
1942 11
1946 13
1947 4
1948 11
1949 12
1943 41
1944 2
1945 11
2013 3
1962 25
1963 22
1964 11
1965 2
1966 4
1967 12
1968 23
1969 7
1950 2
1951 1
1952 3
1953 17
1954 4
1955 15
1956 1
1957 1
1958 15
1959 34
1960 9
1961 4
1970 1
2237 4
2238 13
2239 15
2240 6
2241 6
1974 15
1971 46
1972 2
1973 8
2008 1
2009 2
2010 8
2011 20
2012 1
1975 6
1976 4
1977 2
1978 10
1979 2
1980 2
1981 6
1982 5
1983 6
1984 14
1988 10
1989 7
1990 1
1991 1
1992 2
1993 13
1994 3
2014 3
1995 3
1996 7
1997 16
1998 6
1999 2
2000 1
2001 11
2003 1
2004 12
2005 14
2006 16
2007 18
2612 7
2877 14
4435 4
5616 13
5693 15
7049 2
7050 11
7051 1
7052 2
7053 2
3454 8
3456 8
4185 10
4678 3
4814 3
5608 7
6511 3
2015 3
2016 4
2017 16
2018 25
2019 11
2020 2
2021 13
2022 16
2050 14
2051 4
2023 11
2024 13
2025 11
2026 15
2027 11
2028 18
2029 7
2030 2
2031 4
2032 1
2033 3
2034 19
2035 6
2036 1
2037 8
2038 1
2039 13
2040 12
2041 2
2042 4
2043 12
2044 15
2046 1
2047 1
2048 7
2049 2
2045 13
2069 5
2070 4
2072 3
2073 12
2074 10
2075 10
2076 4
2077 11
2052 13
2053 11
2054 2
2055 2
2056 12
2057 13
2058 7
2059 2
2060 6
2061 5
2062 18
2063 11
2064 9
2065 2
2066 15
2067 14
2068 8
2086 8
2087 10
2088 11
2089 9
2090 9
2091 24
2092 6
2093 3
2094 15
2095 1
2078 15
2079 13
2080 10
2081 3
2082 13
2083 12
2084 11
2085 13
2106 1
2107 17
2108 4
2109 2
2110 1
2111 13
2112 17
2096 42
2097 5
2098 14
2099 11
2100 3
2101 2
2102 15
2103 11
2104 1
2105 1
2113 16
2114 1
2115 7
2116 16
2117 14
2118 11
2119 16
2120 11
2285 20
5020 11
5030 3
5711 13
2121 2
2123 7
2124 14
2125 5
2126 1
2127 19
2128 16
2977 14
3574 18
5054 2
5055 12
2129 1
2130 12
2131 15
2132 6
2133 8
2134 1
2135 12
2136 1
2137 15
2138 13
2139 1
2140 8
2141 6
2142 5
2143 17
2144 19
2145 20
2146 15
2147 2
2148 2
2149 11
2150 2
2151 20
5869 2
2153 6
2154 12
2155 3
2156 5
2157 13
2158 1
2159 14
2160 5
2161 2
2166 18
2167 2
2168 3
2169 20
2170 8
2171 2
2162 13
2163 3
2164 1
2165 16
2172 1
2173 4
2174 3
2175 6
2176 7
2177 9
2178 14
2179 13
2180 3
2181 22
2182 17
2183 11
2184 2
2185 1
2186 11
2187 1
2188 13
2189 1
2190 7
2191 15
2192 13
2193 6
2194 3
2195 38
2196 36
2197 35
2198 9
2199 1
2200 3
2201 3
2202 4
2203 12
2204 21
2205 2
2206 11
2207 13
2208 4
2209 12
2210 11
2211 11
2212 21
2213 7
2221 18
2222 2
2214 2
2215 10
2216 3
2217 8
2218 11
2219 1
2220 14
2223 9
2224 3
2225 1
2228 1
2229 2
2230 10
2231 18
2232 13
2233 3
2234 15
2235 3
2236 17
4585 12
2242 3
2243 1
2244 16
2245 9
2246 12
2247 12
2248 5
2249 2
2250 8
2251 8
2252 3
2253 1
2254 14
2255 3
2256 3
2276 1
2277 11
2278 13
2279 5
2280 13
2281 13
2282 12
2257 15
2258 5
2259 7
2260 8
2261 12
5684 2
6137 16
6453 18
6496 3
6622 2
6724 2
6725 3
2262 14
2263 2
2264 12
2379 10
2294 1
2295 1
2296 11
2265 46
2266 1
2267 3
2268 25
2269 3
2270 4
2271 3
2272 11
2273 13
2274 7
2275 7
2283 23
2284 1
2286 11
2287 1
2288 17
2289 7
2290 11
2291 12
2292 13
2293 12
2297 6
2471 5
2472 12
2473 4
2474 3
2475 15
2476 3
2498 3
2499 6
2500 2
2501 1
2502 7
2503 1
2298 6
2299 4
2300 8
2301 10
2302 2
2303 1
2304 4
2305 1
2312 3
2313 11
2314 12
2315 16
2316 16
2317 8
2318 6
2319 15
2320 21
2321 5
2322 1
2323 17
2324 13
2306 12
2307 13
2308 4
2309 16
2310 7
2311 6
2325 1
2326 13
2327 12
2328 3
2329 1
2330 1
2331 21
2332 6
2333 4
2334 1
2335 2
2336 13
2337 13
2338 6
2339 4
2340 16
2342 15
2343 18
2344 5
2345 15
2602 23
2346 17
2347 5
2348 7
2349 12
2350 7
2351 14
2352 1
2353 8
2354 16
2355 4
2356 14
2357 15
2375 3
2376 3
2377 1
2378 7
2358 2
2359 16
2360 1
2361 13
2362 6
2363 14
2365 26
2366 2
3588 7
4226 20
6238 16
6951 2
7186 10
7996 1
2367 17
2368 11
2369 1
2370 12
2371 3
2372 3
2373 1
2374 4
2515 13
4513 11
6191 2
6192 1
6193 13
2392 2
2393 14
2394 7
2384 7
2385 11
2386 4
2387 21
2380 13
2381 13
2382 1
2383 18
2388 17
2389 24
2390 12
2391 5
2411 5
2412 20
2413 13
2414 13
2415 21
2402 3
2403 18
2404 7
2405 1
2406 11
2407 11
2408 12
2409 17
2410 14
2395 16
2397 1
2398 8
2399 3
2400 15
2401 1
2420 6
2421 15
2422 3
2423 2
2424 12
2425 15
2426 2
2427 3
2428 3
2429 4
2416 51
2417 11
2418 11
2419 15
2430 13
2431 11
2432 5
2433 20
2434 2
2435 12
2436 1
2453 5
2454 6
2455 16
2456 8
2457 7
2458 17
2440 16
2459 1
2460 12
2461 12
2462 7
2463 13
2437 14
2438 13
2439 7
2441 2
2442 2
2443 13
2444 13
2464 2
2465 1
2466 12
2467 16
2469 12
2470 2
2445 2
2446 2
2447 15
2448 14
2449 3
2450 13
2451 6
2452 13
6265 14
2490 12
2491 5
2492 15
2493 5
2494 12
2495 9
2496 13
2497 17
2477 11
2513 19
2514 5
2516 15
2517 17
2487 12
2488 1
2489 12
2478 6
2479 4
2480 2
2481 2
2482 7
2483 16
2484 35
2485 43
2486 16
2504 16
2505 14
2506 13
2507 3
2550 7
2551 7
2508 3
2509 3
2510 15
2511 6
2512 5
2524 1
2525 3
2526 11
2527 17
2528 17
2529 1
2519 1
2520 15
2521 4
2522 5
2523 11
2543 21
2544 1
2530 2
2531 15
2532 18
2533 18
2534 1
2535 14
2536 11
2538 1
2539 4
2540 2
2541 15
2542 6
2545 4
2546 16
2547 4
2548 12
2549 1
2557 8
2558 2
2559 12
2552 20
2553 8
2554 6
2555 4
2556 6
2564 19
2565 15
2566 3
2567 4
2568 7
2560 18
2561 6
2562 1
2563 2
2569 8
2570 16
2571 4
2572 2
2573 3
2574 14
2575 1
2576 1
2582 1
2577 2
2578 4
2579 14
2580 23
2581 4
3060 38
4195 8
5133 1
2824 7
2583 2
2584 19
2585 5
2586 3
2587 13
2588 5
2589 6
2590 4
2591 2
2592 5
2593 1
2594 5
2595 15
2596 1
2597 13
2598 1
2599 8
2600 15
2601 3
3066 17
4673 38
5028 6
5357 5
5358 9
2620 20
2621 4
2622 1
2623 4
2624 16
2603 14
2604 1
2605 15
2606 3
2607 11
2608 7
2609 1
2610 1
2611 1
2613 11
2614 2
2615 1
2616 1
2617 8
2618 16
2662 17
2663 20
2664 3
2665 7
2625 8
2626 14
2627 3
2628 19
2629 4
2630 6
2631 12
2632 7
2633 13
2634 20
2635 7
2636 7
2637 11
2638 2
2639 15
2640 9
2652 1
2653 13
2654 3
2655 11
2656 5
2657 1
2658 24
2641 11
2642 2
2643 2
2644 6
2645 2
2646 11
2647 8
2648 1
2666 3
2667 3
2668 2
2678 2
2679 3
2680 15
2681 12
2682 2
2683 16
2677 11
2887 1
2888 14
2669 2
2670 9
2671 2
2672 18
2673 2
2674 22
2675 14
2676 1
2697 2
2698 3
2699 6
2684 22
2685 2
2686 4
2687 10
2688 1
2689 3
2690 12
2691 13
2692 15
2693 12
2694 7
2695 18
2696 3
2700 7
2701 10
2702 1
2703 1
2704 9
2714 17
2715 12
2716 12
2717 2
2718 8
2705 9
2706 6
2707 2
2708 1
2709 16
2710 26
2711 2
2712 2
2713 3
2719 1
2720 13
2721 15
2722 5
2723 1
2724 1
3305 19
3435 3
3664 4
4255 5
5668 11
5669 1
2659 13
2660 17
2661 23
2725 5
2726 13
2727 14
2728 4
2729 5
2730 9
2731 1
2732 6
2733 1
2734 17
2735 1
2736 12
2737 1
2761 2
2762 2
2763 21
2739 2
2740 2
2741 11
2742 1
2743 4
2744 16
2745 5
2780 2
2781 14
2782 7
2783 2
2784 3
2785 22
2746 1
2747 17
2748 2
2749 1
2750 4
2751 15
2752 15
2753 6
2754 1
2755 13
2756 13
2757 11
2758 1
2759 1
2760 3
4389 7
5002 4
5301 10
5369 5
5982 2
5983 6
2764 6
2765 7
2766 1
2767 6
2768 2
2775 17
2776 6
2777 4
2778 8
2779 11
2769 15
2770 15
2771 5
2772 4
2774 12
2786 3
2788 2
2789 16
2790 17
2791 12
2792 12
2794 4
2795 12
2796 15
2901 15
2932 3
2933 2
2934 11
2935 1
2936 10
2937 5
2797 14
2798 5
2800 1
2801 2
2812 18
2813 20
2814 1
2815 12
2816 11
2817 1
2807 11
2809 13
2810 20
2811 20
2802 2
2803 6
2804 11
2805 7
2806 15
2821 2
2822 3
2823 14
2818 3
2819 20
2820 7
2825 3
2826 4
2827 1
2828 16
2829 3
2830 17
2831 3
2832 8
2841 3
2833 11
2834 1
2835 12
2836 20
2837 11
2838 2
2839 1
2840 20
2842 3
2843 12
2844 5
2845 4
2846 2
2847 1
2848 6
2849 5
2850 2
2851 14
2852 3
2853 25
2854 19
2855 14
2856 14
2857 5
2858 5
2859 13
2860 13
2861 2
2862 17
2863 23
2864 10
2865 14
2866 18
2867 15
2868 1
2869 13
2873 15
2874 3
2875 13
2876 12
2878 12
2879 1
2880 2
2881 7
2882 21
2883 14
2884 1
2885 12
2886 12
5288 16
6439 7
7240 13
8832 12
10149 13
10390 1
2945 7
2946 7
2902 13
2903 6
2905 3
2906 14
3181 25
6421 12
7529 17
7530 15
2889 4
2890 5
2891 12
2892 5
2893 13
2894 2
2895 14
2896 9
2897 14
2899 14
2900 6
2907 7
2908 1
2909 15
2910 1
2911 2
2912 17
2913 11
5795 1
2921 2
2914 17
2915 20
2916 1
2917 13
2918 1
2919 2
2920 2
2922 15
2923 3
2924 4
2925 4
2926 7
2927 30
2928 16
2929 2
2930 1
2931 21
2968 11
2969 4
2970 10
2971 1
2972 1
2973 4
2938 5
2939 3
2940 8
2941 4
2942 11
2943 13
2944 15
2947 2
2948 12
2949 5
2950 15
2951 1
2954 5
2955 7
2956 3
2957 6
2958 8
2959 7
3546 17
6904 5
7340 6
7420 14
7436 2
7437 2
2974 1
2975 33
2976 20
2978 12
2979 2
2953 13
2960 2
2961 8
2962 7
2963 14
2964 9
2965 10
2966 11
2967 8
3001 16
3002 1
3003 2
3005 7
3006 15
3034 1
3035 12
3036 3
3037 5
3039 1
2987 1
2988 1
2989 21
2980 12
2982 2
2983 6
2984 7
2985 5
2986 13
2995 15
2996 16
2997 8
2998 4
2990 3
2991 10
2992 10
2993 18
2994 11
2999 12
3000 14
3007 5
3008 1
3009 13
3010 7
3011 11
3012 4
3013 10
3014 3
3015 11
3025 2
3026 1
3027 4
3028 14
3029 7
3030 11
3031 1
3032 7
3016 5
3017 1
3018 7
3019 6
3020 15
3021 12
3022 12
3023 2
3024 4
3033 4
3050 2
3051 2
3053 1
5863 13
3088 15
3089 2
3090 3
3040 2
3041 3
3042 1
3043 10
3044 3
3045 5
3046 14
3047 19
3048 7
3049 1
3068 6
3069 10
3070 16
3071 5
3072 4
3073 3
3059 2
3085 4
3086 5
3087 13
3054 13
3055 18
3056 11
3057 3
3058 14
3080 3
3081 1
3082 7
3083 9
3084 17
3061 14
3062 6
3063 8
3064 12
3065 25
3067 6
3074 3
3075 28
3077 3
3078 16
3079 2
3092 2
3093 23
3094 22
3095 10
3096 4
3097 3
3098 3
3099 4
3100 7
3101 23
3102 3
3103 5
3104 1
3114 7
3115 12
3105 2
3106 14
3107 1
3108 1
3109 103
3110 9
3648 8
3734 15
3898 7
6647 14
7022 2
3111 4
3112 3
3113 7
3128 19
3129 2
3130 15
3152 1
3153 14
3154 15
3155 2
3156 16
3116 4
3117 5
3118 6
3119 9
3120 10
3121 10
3122 13
3123 5
3124 1
3125 14
3126 15
3127 18
3131 14
3132 20
3133 15
3134 17
3135 16
3136 2
3344 21
3345 2
3141 8
3142 2
3143 12
3144 14
3145 6
3146 13
3147 3
3148 4
3149 2
3150 1
3151 5
3137 1
3138 1
3139 14
3140 9
2649 4
2650 11
2651 16
3162 3
3163 2
3164 16
3165 4
3157 6
3158 22
3159 1
3160 3
3161 10
3167 21
3168 3
3169 6
3170 13
3171 3
3172 1
3182 2
3183 10
3184 14
3185 5
3174 14
3175 4
3176 3
3177 2
3178 14
3179 11
3180 8
3187 9
3188 1
3189 2
3190 1
3191 13
3192 1
3196 17
3197 12
3198 1
3199 17
4715 8
5337 4
5811 15
3193 13
3194 2
3195 2
3200 1
3201 2
3202 11
3203 2
3215 15
3217 12
3218 5
3219 2
3220 14
3226 15
3227 2
3228 1
3204 12
3205 1
3206 7
3207 15
3208 14
3209 2
3210 18
3211 2
3212 20
3213 6
3214 1
3590 12
5025 12
5046 14
6319 12
6927 14
8834 13
9216 15
9702 17
9986 13
10330 11
10331 1
10332 2
10333 1
3221 14
3222 19
3223 17
3224 9
3225 15
3910 14
5899 2
5900 11
5901 12
5902 2
3229 13
3230 13
3231 2
3232 2
3233 2
3234 1
3235 2
3236 15
3437 2
3438 10
3439 9
3275 8
3276 5
3277 10
3237 6
3238 1
3239 5
3240 2
3241 8
3242 2
3243 2
3244 2
3245 16
3246 6
3247 20
3248 2
3249 6
3250 3
3251 12
3252 3
3253 24
3254 13
3255 8
3256 13
3257 12
3258 5
3259 1
3260 3
3261 3
3262 2
3263 19
3264 19
3265 12
3266 2
3267 1
3268 9
3269 3
3270 5
3271 2
3272 3
3273 1
3274 17
3278 12
3279 1
3280 9
3281 15
3282 14
3283 1
3284 4
3285 12
3286 1
3812 6
4546 17
6281 3
8087 3
8750 2
3287 6
3288 2
3289 12
3290 6
3291 12
3301 2
3302 11
3303 2
3292 14
3293 13
3294 7
3295 4
3296 3
3518 3
3519 2
3520 10
3521 2
3522 4
3523 5
7327 4
5387 9
6791 6
8594 3
8870 3
9016 1
9017 2
9018 14
9019 1
3298 8
3299 17
3304 6
3306 4
3308 4
3318 15
3319 1
3320 5
3321 2
3322 10
4104 8
4334 7
5744 13
5745 9
5746 8
6340 12
6408 4
7735 2
8102 1
8103 2
3329 3
3330 14
3331 1
3332 1
3333 1
3334 11
3335 9
3336 15
3337 13
3343 17
3338 14
3339 8
3340 3
3341 5
3342 12
3346 11
3347 2
3348 5
3349 3
3350 4
3351 16
3352 7
3353 8
3354 7
3355 20
3356 12
3357 13
3358 1
3359 3
3360 12
3361 8
3362 2
3363 11
3369 14
3370 2
3371 3
3364 4
3365 2
3366 10
3367 11
3368 15
3409 3
3490 13
6036 7
6638 8
6885 12
7715 1
7716 2
7717 2
7718 2
3589 8
3591 1
3592 19
3593 3
3594 2
3372 3
3373 16
3374 10
3375 14
3376 17
3377 18
3381 5
3382 16
3378 15
3379 13
3380 12
3402 12
3403 11
3404 4
3405 3
3406 12
3383 1
3384 21
3385 11
3386 14
3387 13
3388 11
3389 4
3390 4
3391 13
3392 6
3393 1
3394 4
3395 1
3396 16
3397 1
3398 10
3399 19
3400 16
3401 1
3434 1
3436 11
3423 7
3424 3
3425 3
3426 14
3427 32
3428 10
3430 2
3407 5
3408 6
3410 10
3411 13
3412 6
3413 16
3414 3
3415 2
3416 1
3417 1
3418 18
3419 6
3420 4
3421 15
3422 1
3445 11
3446 10
3431 1
3432 1
3433 11
3473 13
3474 5
3475 1
3476 12
3477 12
3440 4
3441 13
3442 3
3443 14
3444 1
3455 12
3457 11
3458 12
3459 4
3447 1
3448 2
3449 2
3450 3
3451 9
3452 1
3453 16
3460 2
3524 1
3525 10
3526 1
3461 7
3462 9
3463 1
3464 12
3465 11
3466 3
3478 6
3479 13
3480 1
3481 14
3482 6
3483 5
3467 2
3468 18
3469 12
3470 13
3471 12
3472 2
6206 13
7238 9
7239 5
7241 2
3488 2
3489 2
3484 20
3485 14
3486 10
3487 12
3501 2
3503 12
3504 14
3505 1
3506 1
3507 5
3491 11
3492 5
3493 1
3494 20
3495 2
3496 10
3497 11
3498 8
3499 12
3500 11
3508 2
3509 1
3510 9
3511 3
3561 9
3736 2
3737 5
3512 2
3514 7
3515 6
3516 2
3517 13
3629 15
3847 4
4366 12
5041 2
5933 2
3527 4
3528 2
3529 16
3543 1
3544 5
3545 3
3531 16
3532 1
3533 1
3534 14
3535 1
3536 12
3537 14
3538 1
3539 9
3540 6
3541 2
3542 13
3587 2
3551 2
3552 12
3547 7
3548 12
3549 4
3550 6
3553 1
3554 14
3555 13
3556 42
3557 4
3558 12
3559 2
3565 20
3566 2
3567 1
3560 12
3562 13
3563 1
3564 2
4017 6
5396 4
7571 2
3576 1
3577 3
3579 2
3580 5
3581 15
3568 15
3569 1
3570 8
3571 6
3572 14
3573 3
3575 12
3582 2
3583 20
3584 5
3585 8
3586 3
3601 6
3602 12
3603 12
3604 13
3605 11
3606 13
3607 14
3608 2
3595 6
3596 1
3597 7
3598 6
3599 12
3600 1
3609 13
3610 4
3611 13
3612 11
3613 6
3614 19
3615 14
3616 13
3617 13
3618 13
3619 4
3626 17
3627 17
3628 3
3630 15
3620 1
3621 1
3622 2
3623 3
3624 16
3625 1
3639 19
3640 4
3642 1
3643 23
3631 3
3632 1
3633 2
3634 1
3635 14
3636 11
3637 13
3638 20
3644 1
3645 14
3654 7
3655 3
3656 6
3657 2
3646 2
3647 12
3649 6
3650 15
3651 15
3652 9
3653 11
3658 5
3659 10
3660 4
3661 2
3662 5
3663 8
4940 2
5169 6
6146 1
6147 12
6148 5
6149 4
6150 16
3665 16
3666 1
3667 11
3668 11
3669 4
3670 9
3671 1
3689 12
3690 15
3691 1
3672 6
3673 8
3674 8
3688 2
3675 12
3676 15
3677 2
3678 17
3679 15
3687 14
3720 2
3721 1
3696 3
3697 16
3692 13
3693 1
3694 11
3695 1
3698 16
3941 19
7592 10
8309 5
9536 5
9826 4
10045 13
10456 12
10457 2
10458 11
3699 13
3700 1
3701 3
3702 11
3717 1
3718 2
3719 3
3703 2
3704 2
3705 17
3706 7
3707 4
3708 3
3709 1
3710 13
3711 9
3712 1
3713 1
3714 15
3715 4
3716 18
3722 8
3723 7
3724 2
9974 14
3758 4
3759 2
3760 3
3761 39
3762 1
3763 19
3764 9
3725 1
3726 1
3727 18
3728 2
3729 14
3730 1
3731 3
3732 5
3733 2
3735 6
3738 9
3739 4
3745 7
3746 3
3747 1
3741 3
3742 14
3743 26
3744 3
3740 11
3753 5
3754 5
3748 14
3749 1
3750 12
3751 1
3752 13
3755 5
3756 3
3757 13
3765 20
3766 1
3767 19
3768 1
3769 13
3770 2
3771 2
3772 24
3773 11
3774 5
3782 19
3783 3
3784 1
3785 3
3786 3
3775 11
3776 5
3777 1
3778 1
3779 2
3780 19
3781 11
3794 7
3795 12
3787 8
3788 2
3789 3
3799 2
3800 2
3801 1
3790 5
3791 5
3792 2
3796 2
3797 5
3798 21
4732 4
5362 5
5911 13
6199 7
6339 4
3802 42
3803 4
3804 3
3805 8
3806 11
3807 12
3809 7
3810 14
3811 10
3825 2
3826 16
3827 16
3828 3
3829 7
3813 4
3814 2
3815 16
3816 1
3817 1
3818 1
3819 2
3820 11
3821 6
3822 12
3823 11
3824 12
3844 2
3845 4
3830 2
3831 17
3832 12
3833 11
3834 1
3835 7
3842 4
3843 4
4101 15
5000 8
6097 23
6756 1
3836 3
3837 16
3838 13
3839 13
3840 2
3841 13
3869 2
3846 1
3848 3
3849 2
4046 17
4282 11
4379 8
4478 10
4690 12
4711 17
5216 21
5999 16
6197 11
6294 17
6352 10
6367 7
7041 6
7219 5
7250 8
7591 5
7648 4
7887 8
8047 15
8135 6
8161 4
8751 13
8857 3
9224 12
9403 5
9482 3
9523 3
9570 4
9768 11
9769 1
9770 2
9771 12
9772 11
9773 2
9774 18
9775 11
9776 12
9777 2
3850 13
4566 4
5570 17
5789 14
5807 14
9565 7
9566 1
3851 10
3852 2
3853 2
3854 2
3855 2
3856 17
3862 6
3863 11
3864 8
3857 13
3858 19
3859 15
3860 2
3861 22
3881 26
3882 1
3883 2
3865 4
3866 1
3867 14
3868 1
3870 2
3871 2
3872 1
3873 2
3874 2
3875 14
3876 15
3877 4
3878 12
3879 7
3880 13
6324 10
7651 17
9421 13
9635 16
10111 17
10345 10
10346 3
3884 2
3885 16
3886 1
3887 16
3888 8
3889 17
3890 19
3891 1
3892 11
3899 13
4248 14
3893 4
3894 3
3895 2
3896 1
3897 14
3900 12
3901 17
3902 2
3903 17
3904 4
3905 18
3906 3
3907 7
3908 18
3909 14
3911 6
3912 16
3913 14
3914 5
3915 2
3916 14
3917 14
3918 11
3919 13
3920 11
3921 4
3922 2
3923 16
3927 13
3928 4
3924 14
3925 18
3926 14
3933 14
3934 15
3935 1
3936 14
3937 11
3938 2
3939 1
3929 1
3930 1
3931 8
3932 6
4685 10
7097 11
7098 15
7099 11
7100 11
3940 7
3942 3
3943 13
3944 12
3945 5
3946 7
3947 12
3948 2
3949 18
3950 4
3951 2
3952 1
3953 13
3954 4
3955 4
3956 1
3957 12
3958 20
3959 16
3960 1
4407 21
5366 9
5835 2
7189 1
7190 12
3961 5
3962 12
3963 3
3964 2
3969 11
3970 17
3971 4
3972 3
3973 1
3974 1
3975 3
3976 1
3965 9
3966 15
3967 2
3968 14
6041 17
6470 4
3977 1
3978 7
3979 1
3980 3
3981 1
3982 18
3983 14
3984 5
3985 15
3991 9
3992 4
3993 1
3994 3
3995 14
3996 2
3986 12
3987 16
3988 11
3989 14
3990 3
4003 9
4004 2
4005 14
4002 16
3997 16
3998 4
3999 18
4000 12
4001 1
4006 16
4007 12
4008 3
4009 1
4010 2
4011 1
4012 3
10156 12
4095 15
5186 2
8631 3
8820 1
8821 10
4013 13
4014 2
4015 4
4016 14
4018 1
4019 12
4020 15
4021 1
4022 2
4023 1
4024 14
4025 1
4026 6
4027 5
4028 8
4029 1
4030 16
4031 4
4032 6
4033 13
4035 19
4036 15
4038 14
4039 14
4040 3
4041 2
4037 15
4772 7
4792 6
4818 4
5026 25
5384 4
6196 4
6890 15
8255 1
4042 5
4134 1
4135 3
4465 21
5228 14
6327 13
6555 3
7863 9
7926 11
4136 1
4494 14
6675 4
7356 2
7357 2
7358 1
4043 1
4044 3
4045 4
4056 3
4057 38
4058 4
4047 5
4048 12
4049 15
4050 1
4051 13
4052 9
4053 4
4054 27
4055 4
4059 6
4060 12
4063 1
4064 12
4065 20
4066 13
4067 12
4068 1
4061 12
4062 5
5198 9
7601 14
8537 14
5443 13
6368 2
6369 6
4069 1
4070 1
4071 1
4072 1
4073 1
4074 1
4075 1
4076 1
4077 23
4078 18
4079 1
4080 4
4081 2
4082 12
4083 3
4084 4
4085 16
4100 12
4086 17
4087 6
4088 6
4089 8
4090 3
4092 2
4093 11
4240 5
4241 4
4242 3
4091 2
4102 13
4103 3
5672 9
4094 30
4096 5
4097 43
4098 7
4099 15
4105 4
4106 2
4107 13
4108 13
4109 3
4110 2
4111 15
4112 3
4113 6
4114 11
4115 6
4116 4
4117 4
4118 1
4119 2
4120 16
4125 17
4126 11
4127 18
4128 18
4129 14
4130 2
4121 14
4122 15
4123 3
4124 1
4611 20
4735 10
5857 6
7595 17
8360 3
9954 4
10192 2
10327 12
10805 10
10806 1
10807 1
4131 8
4132 9
4133 2
4139 18
4140 14
4141 10
4142 18
4143 9
4137 12
4138 14
4144 11
4145 3
4146 1
4147 15
4148 12
4149 11
4150 12
4151 7
4152 12
4153 1
4154 3
4155 14
4156 11
4157 11
4158 4
4159 18
4160 6
4161 4
4162 5
4163 7
4174 4
4175 2
4176 4
4164 1
4165 2
4167 2
4168 1
4169 10
4170 11
4171 5
4172 3
4177 1
4178 1
4179 3
4184 14
4180 5
4181 6
4182 4
4183 5
4388 11
4186 4
4187 9
4189 13
4190 16
4192 14
4193 9
4194 13
4218 7
4219 6
4220 9
4221 1
4199 18
4200 1
4201 17
4202 15
4203 8
4196 1
4197 11
4198 2
4205 12
4206 7
4207 1
4208 5
4209 5
4210 2
4211 1
4212 16
4213 3
4214 1
4215 13
4216 3
4217 6
4222 11
4223 15
4224 17
4225 5
4227 3
4228 1
4233 3
4234 1
4235 3
4236 2
4237 11
4238 8
4239 13
4243 2
4244 15
4245 15
4246 9
4247 10
4249 17
4250 5
4251 8
4252 1
4257 5
4258 2
4253 1
4254 14
4256 6
10804 1
4263 5
4259 3
4260 3
4261 15
4262 5
4264 6
4265 1
4266 1
4267 1
4268 14
4269 10
4270 13
4271 4
4272 3
4273 1
4274 18
4275 11
4276 12
4277 14
4278 1
4279 14
4280 3
4281 6
4283 2
4288 2
4289 14
4290 2
4291 11
5326 3
6771 14
7135 4
4284 1
4351 1
4292 3
4293 9
4294 14
4302 2
4285 7
4286 15
4287 3
4295 9
4296 2
4297 4
4298 2
4299 19
4300 2
4301 2
4312 13
4313 15
4314 1
4324 13
4325 3
4308 3
4309 14
4310 3
4311 4
4304 3
4305 5
4306 3
4307 4
4315 18
4316 1
4317 2
4318 13
4319 2
4320 2
4321 4
4322 12
4323 1
4326 13
4327 5
4328 13
4341 5
4342 16
4343 9
4344 13
4345 3
4329 13
4330 6
4331 13
4332 1
4333 5
4335 7
4336 12
4337 3
4361 4
4362 15
4363 11
4346 2
4347 2
4348 3
4349 15
4350 3
4500 1
4501 2
4502 3
4352 21
4353 23
4354 14
4355 17
4356 15
4357 3
4358 7
4359 4
4360 2
4378 14
4368 9
4369 18
4370 4
4364 14
4365 4
4367 1
4371 3
4372 1
4373 11
4374 14
4375 2
4376 3
4612 8
6244 15
7060 3
7525 1
4377 3
4380 10
4381 1
4382 13
4383 8
4384 8
4385 11
4386 16
4390 3
4392 2
4387 2
4431 1
4432 5
4403 20
4395 14
4396 3
4397 4
4393 1
4394 15
8228 14
8937 1
8938 12
8939 4
4398 13
4399 1
4400 1
4401 11
4402 12
4404 14
4405 3
4406 11
4433 3
4434 4
4440 1
4441 7
4442 1
4408 1
4409 5
4410 2
4411 15
4412 12
4413 2
4414 3
4415 2
4416 15
4417 15
4418 4
4419 4
4420 14
4421 1
4428 2
4429 4
4422 2
4423 11
4424 1
4425 14
4426 11
4430 12
4446 1
4447 2
4448 12
4449 1
4450 1
4451 13
4436 3
4437 19
4438 10
4439 11
4539 1
4443 1
4444 1
4445 2
4452 1
4453 1
4454 1
4455 1
4456 1
4457 1
4458 1
4459 12
4460 2
6565 6
9218 3
9462 2
9549 1
4461 5
4462 16
4463 1
4473 11
4474 1
4475 12
4476 2
4477 7
4467 12
4468 7
4469 9
4470 2
4471 12
4472 1
4466 1
4464 2
4548 3
4549 3
4550 6
4479 12
4480 11
4481 4
4482 2
4483 3
4484 11
4485 11
4486 11
4487 1
4488 15
4489 11
4556 6
4557 3
4490 1
4900 3
5349 14
5441 4
5747 15
7179 1
7180 11
7181 2
4559 2
4491 16
4492 14
4493 12
4495 14
5156 16
6455 3
6718 3
6719 4
6720 8
6721 1
6722 17
6723 12
4497 4
4498 12
4499 15
4504 14
4505 16
4506 11
5040 6
5111 12
5248 9
6810 2
6811 3
4503 1
5935 14
6474 13
6806 2
6807 2
4507 4
4508 1
4509 3
4510 2
4511 4
4512 2
5016 6
7800 2
7943 7
8219 1
4514 1
4515 3
4516 12
4517 1
4518 2
4519 4
4520 3
4521 11
4522 13
4523 2
4525 19
4526 15
4527 2
4528 1
4529 5
4530 15
4531 2
4532 2
4533 2
4534 13
4535 1
4536 16
4537 5
4538 12
4544 4
4540 1
4541 1
4542 3
4543 1
4545 1
4547 1
8367 1
8368 2
4692 14
5907 3
8127 13
8128 1
4646 2
4647 1
4648 12
4649 5
4650 3
4551 3
4552 12
4553 3
4554 1
4555 19
4654 6
4558 1
4567 1
4568 15
4564 17
4565 1
4560 16
4561 2
4562 3
4563 1
4569 12
4570 12
4571 14
4572 5
4573 2
4574 8
4575 16
4576 11
4577 5
4578 1
4580 14
4581 1
4582 2
4583 15
4584 17
4586 13
4587 13
4588 11
4589 12
4590 7
4591 7
4592 14
4593 15
4594 1
4595 5
4597 1
4598 1
4599 2
4600 2
4601 4
4602 5
5315 26
7283 10
7284 1
7285 2
7286 2
4603 3
4604 1
4605 4
4606 15
4607 2
4608 3
4610 16
4627 10
4737 4
4613 6
4614 1
4615 2
4616 2
4617 17
4618 2
4619 7
4620 12
4621 6
4622 1
4623 8
4624 8
4625 1
4626 11
4630 5
4628 15
4629 5
4631 16
4632 12
4633 1
4634 6
4635 1
4636 2
4637 4
4638 1
4639 2
4640 1
4641 16
4642 2
4643 25
4644 3
4645 11
4658 11
4659 8
4660 15
4661 1
4662 3
4655 20
4656 2
4663 1
4679 12
4680 5
4681 16
4664 22
4672 4
4665 6
4666 12
4667 1
4668 1
4669 1
4670 11
4671 1
4788 4
4789 2
4675 16
4676 3
4677 2
4790 6
4687 18
4688 14
4689 2
4682 20
4683 4
4684 2
4686 3
4691 13
4693 13
4695 13
4696 8
4706 6
4697 2
4698 7
4702 2
4703 8
4704 12
4705 15
4699 19
4700 12
4701 3
4707 1
4708 13
4709 14
4810 1
4710 2
4712 12
4713 12
4714 3
4716 11
4717 16
4718 13
4719 13
4720 12
4721 2
4722 2
4723 1
4724 2
4725 2
4726 1
4727 15
4728 14
4729 18
4730 1
4731 14
4823 3
4733 2
4734 1
4736 5
4738 1
4739 11
4740 9
4741 1
4742 1
4747 2
4748 1
4749 4
4750 6
4751 13
4743 4
4744 12
4745 20
4746 9
4752 13
4753 10
4755 9
4756 1
4768 1
4769 19
4851 1
4757 4
4758 5
4759 17
4760 3
4761 4
4762 1
4763 8
4764 7
4765 24
4766 1
4767 3
4801 1
4802 5
4803 4
4804 17
4805 1
4806 19
4807 14
4808 1
4809 1
4770 1
4771 12
4774 3
4775 6
4776 2
4773 1
4777 13
4778 12
4779 15
4780 16
4783 3
4784 6
4785 1
4786 1
4787 3
4781 1
4782 12
4797 1
4798 17
4799 1
4800 13
9461 2
4791 1
4793 3
4794 18
4795 1
4796 1
4811 13
4812 2
4821 5
4822 13
4813 13
4815 2
4816 13
4817 12
4819 16
4820 1
4826 13
4824 4
4825 6
7510 13
8564 16
9377 4
9835 2
4827 1
4828 1
4829 14
4830 12
4831 11
4832 3
4833 1
4834 11
4835 3
4856 2
5086 15
5885 14
6402 5
6966 1
6967 1
6168 15
8797 5
8998 4
9217 3
9529 1
9530 2
4841 1
4842 1
4843 9
4844 4
4845 2
4846 8
4847 1
4848 12
4849 2
4850 1
4852 11
4853 4
4854 14
4855 13
4863 7
4864 17
4865 10
4857 2
4858 3
4859 1
4860 1
4861 14
4862 16
4866 13
4867 12
4868 14
4869 12
4871 2
4872 3
4873 2
4879 1
4880 1
4881 1
4882 1
4883 1
4884 1
4885 1
4886 3
4887 1
4874 14
4875 16
4876 1
4947 21
5154 9
5651 18
6292 4
7206 15
4877 1
4878 11
4909 12
4910 11
4911 1
4912 3
4888 3
4889 1
4890 1
4891 1
4892 1
4893 1
4894 1
4895 1
4896 1
4897 1
4898 1
4899 1
4906 1
4907 4
4908 1
4903 14
4904 1
4905 4
4901 1
4902 1
4913 12
4914 1
4915 1
4916 6
4917 3
4985 5
4918 4
4923 11
4924 1
4925 1
4919 4
4920 12
4921 2
4922 2
4926 3
4927 2
4928 12
4929 7
4930 11
4931 12
4937 18
4938 1
4939 2
4932 3
4933 1
4934 1
4935 1
4936 15
5038 13
4941 1
4942 10
4943 2
4944 2
4945 1
4946 11
4948 3
4949 12
4950 4
4951 12
4952 4
4953 7
4954 7
4955 15
4964 12
4966 6
4967 4
4956 12
4958 6
4959 15
4960 14
4961 1
4962 3
4963 1
4965 5
4968 1
4969 12
4970 9
4971 3
4972 9
4973 7
4974 1
4975 8
4976 9
4977 14
4978 1
4979 2
4980 15
4984 12
4981 13
4982 3
4983 8
4991 1
4992 13
4993 7
4986 3
4987 21
4988 12
4989 4
4990 15
4997 5
4999 4
5001 7
4994 2
4995 1
4996 19
5003 11
5004 1
5005 1
5006 13
5007 3
5008 9
5011 7
5012 1
5013 3
5014 11
5009 4
5010 10
5015 16
5033 7
5034 1
5035 1
5036 4
5037 1
5017 16
5018 5
5023 2
5024 1
5027 1
5129 2
5019 4
5021 8
5022 1
5029 13
5032 14
7037 4
7552 2
8148 7
8470 5
8576 3
8577 7
7096 5
7917 4
8749 12
5321 11
5353 11
5039 1
5042 1
5043 15
5044 4
5045 2
5050 4
5051 4
5052 4
5053 1
6323 34
8559 17
5047 8
5048 13
5049 10
5056 1
5057 11
5058 10
5059 1
5589 21
6202 14
6932 5
7136 5
7326 14
5063 1
5060 12
5061 1
5064 20
5065 13
6095 6
6883 14
6945 15
7611 13
7612 7
5066 14
5074 12
5075 12
5067 13
5068 3
5069 2
5070 3
5076 1
5077 1
5078 3
5079 14
5071 3
5072 1
5073 6
5083 4
5084 3
5085 1
7044 10
5094 1
5095 3
5096 19
5097 1
5087 11
5088 14
5089 12
5090 2
5091 10
5092 11
5093 2
5106 1
5107 12
5108 1
5109 13
5110 3
5098 1
5099 1
5100 1
5101 1
5102 1
5103 1
5104 1
5105 1
5113 4
5114 2
5112 11
8169 14
5115 2
5116 10
5117 2
5118 6
5121 5
5119 12
5120 2
5134 3
5135 15
5122 10
5123 14
5124 2
5125 3
5126 2
5127 11
5128 16
5130 16
5131 5
5132 15
5136 7
5145 13
5146 4
5147 14
5148 11
5149 22
5141 1
5142 14
5143 16
5144 12
5137 5
5171 1
5172 15
5174 1
5175 11
5138 1
5139 17
5140 3
5151 3
5153 3
5163 1
5164 4
5165 5
5166 13
7133 9
7692 15
9640 2
9939 2
9941 1
9942 2
9943 11
9944 1
5159 1
5160 4
5161 12
5162 1
5155 1
5157 3
5158 2
5167 1
5168 11
5170 1
5176 1
5177 2
5178 2
5179 4
5180 12
5181 14
5182 2
5183 1
5184 16
5185 14
5187 11
5188 11
5189 12
5190 2
5191 13
5192 18
5193 3
5194 3
5195 5
5196 12
5197 12
5199 6
5200 4
5201 16
5202 1
5203 3
5204 11
5205 14
5206 17
5207 13
5208 1
5425 13
5968 16
9669 3
10713 1
5209 16
5210 2
5211 12
5226 1
5376 15
5479 3
6676 13
7318 16
7341 3
7991 2
7992 2
7993 1
5218 4
5219 1
5227 2
5220 1
5221 3
5222 11
5223 16
5224 15
5225 15
6049 3
7492 1
7493 7
7494 11
7495 2
5215 16
5229 4
5230 1
5231 15
5232 14
5233 15
6929 8
7386 3
8307 12
8308 34
5234 8
5235 1
5236 11
5242 11
5243 1
5244 1
5237 3
5238 14
5239 1
5240 11
5241 12
5256 11
5257 3
5258 14
5259 4
5522 2
7217 8
7507 13
7508 11
5245 1
5246 1
5247 12
5249 1
5250 1
5251 1
5252 11
5253 1
5254 13
6656 14
7223 13
8725 13
9206 12
9252 5
9524 3
9525 13
5255 12
5260 6
5261 4
5262 7
5263 1
5264 6
5265 1
5273 2
5274 10
5266 3
5267 6
5268 1
5269 2
5270 13
5271 5
5272 12
5275 2
5276 11
5277 2
5278 1
5279 4
6861 11
7167 7
5285 14
5286 8
5287 3
5289 5
5290 2
5280 1
5281 1
5282 15
5283 5
5284 19
5291 1
5292 13
6468 6
8673 13
8684 4
5300 1
5296 2
5297 17
5298 13
5299 11
5293 11
5294 1
5295 14
5699 6
6111 3
7215 2
7389 2
7390 1
5306 8
5307 14
5340 1
5302 16
5303 7
5304 1
5305 2
5309 5
5308 3
5310 14
5311 2
5312 1
5313 1
5314 11
5316 2
5317 2
5318 2
8633 4
9600 2
9836 3
10040 2
5323 2
5324 1
5325 5
5327 7
5319 6
5320 12
5322 7
5328 1
5329 20
5330 15
5331 3
7345 5
7806 5
7874 13
7875 3
5332 1
5333 3
5334 2
5335 12
5336 4
5338 8
5339 3
5346 10
5347 17
5348 1
5341 16
5342 14
5343 6
5344 2
5345 4
5354 14
5356 1
5350 12
5351 3
5352 11
5359 11
5360 7
5365 2
5361 2
5363 4
5364 2
5367 4
5371 3
5372 20
5373 11
5374 1
5368 1
5370 1
5375 2
5377 3
5378 2
5379 2
5380 7
5389 9
5381 1
5382 2
5383 3
5385 19
5386 15
5388 6
5390 5
5391 7
5759 7
6924 3
8015 6
8342 21
8343 2
5392 2
5393 1
5394 1
5395 1
5397 3
5398 14
5399 2
5400 1
5401 4
5402 12
5403 22
5407 3
5404 1
5405 9
5406 18
5408 15
5409 5
5410 2
5411 2
5415 13
5416 15
5417 2
5418 1
5419 1
5413 12
5414 1
5412 5
5424 15
5426 2
5427 6
5428 11
5429 10
5430 2
5431 11
5432 16
5433 4
5434 3
5435 3
5436 1
5437 11
5438 1
5439 4
5440 6
5442 16
5444 11
5445 3
5446 11
5447 14
5545 1
5448 1
5449 1
5450 13
5451 1
5452 3
5454 1
5455 2
5456 14
5457 1
5458 4
5459 10
5460 2
5461 3
5462 1
5463 2
5464 1
5469 12
5470 2
5471 1
5465 2
5466 12
5467 2
5468 14
5472 12
5473 2
5480 13
5481 1
5482 10
5483 2
5493 1
5494 1
5474 2
5475 1
5476 4
5477 4
5478 15
5484 1
5485 13
5488 18
5489 1
5490 1
5491 4
5492 1
5486 1
5487 8
5504 5
8207 4
5497 11
5498 8
5499 15
5500 14
5509 12
5510 13
5511 4
5501 3
5502 12
5503 15
5574 3
5512 11
5513 1
5505 15
5506 3
5507 1
5508 1
5514 2
5515 12
5516 11
5519 19
5517 13
5518 4
7758 1
7759 1
7760 1
7761 1
7762 1
7763 1
7764 1
7765 1
7766 1
5529 4
5530 4
5520 15
5521 6
5523 2
6116 3
6401 8
6665 2
6862 2
7490 4
5524 5
6315 4
8458 27
8890 3
9301 4
9491 1
9492 2
5525 1
5611 1
5526 3
5527 2
5528 15
6779 8
9271 3
9299 11
9300 15
7347 6
7486 4
7496 13
5890 4
8022 2
8023 11
5531 3
5532 2
5533 5
5534 12
5535 1
5536 3
5537 2
5538 1
5539 18
5540 12
5635 13
6201 15
6482 6
5541 1
5542 5
5543 6
5544 1
5546 14
5547 4
5548 8
5549 10
5550 7
5551 1
5552 1
5553 14
5554 2
7548 2
5555 1
5556 12
5557 5
5558 2
5559 1
5560 5
5561 5
5562 3
5565 3
5566 7
5563 2
5564 10
5567 1
5568 13
5569 13
5575 4
5576 2
5577 14
5578 1
5571 2
5572 6
5573 1
5579 3
5580 17
5581 6
5585 2
5582 1
5583 12
5584 5
5604 3
5605 1
5587 3
5588 12
5590 6
7788 5
8120 14
5598 42
5599 1
5600 6
5601 2
5602 1
5603 1
5591 12
5592 5
5593 11
5594 14
5595 2
5596 1
5597 2
7346 2
7348 11
5606 4
5607 4
5609 15
5610 4
5617 61
5612 15
5613 1
5614 6
5615 15
5618 1
5620 4
5621 9
5622 16
5623 1
5624 11
5625 2
5627 11
5628 3
5629 11
5630 15
5631 17
5632 2
5633 2
5634 1
5643 4
5636 13
5637 13
5638 1
5639 11
5640 4
5641 1
5642 15
5644 12
5645 5
5646 1
5647 2
5648 2
5649 8
5650 2
5652 1
5653 1
5654 1
5655 1
5656 1
5657 3
5658 7
5659 6
5660 3
5661 2
5664 4
5665 2
5666 1
5662 15
5663 16
5680 1
5667 2
5676 2
5677 1
5688 1
5689 1
5690 14
5691 11
5692 4
5670 2
5671 2
6114 13
7639 13
8281 2
8632 12
9075 1
9076 12
9077 12
5673 38
5674 3
5675 6
5681 7
5678 9
5679 1
5682 12
5683 11
5685 11
5686 19
5687 5
5694 17
5695 1
5696 14
9091 3
9164 11
9165 2
9166 11
5697 1
5698 11
5701 1
5700 1
5702 12
5703 3
5704 1
5705 12
5706 3
5723 1
5724 4
5725 4
5726 4
5707 4
5708 2
5709 3
5710 7
5712 12
5713 11
5714 3
5715 3
5727 5
5728 21
5716 1
5717 3
5718 6
5719 6
5720 1
5721 4
5722 12
5729 2
5730 1
5731 1
5732 12
5733 17
5734 2
5735 7
5736 12
5737 1
5741 1
5742 17
5738 2
5739 3
5740 4
5743 3
5760 1
5748 1
5749 1
5750 11
5751 2
5752 2
5753 1
5754 12
5755 15
5756 2
5757 4
5758 2
5420 2
5421 1
5422 1
5423 11
5761 1
5762 11
5763 12
9872 1
9873 1
5764 1
5765 19
5766 4
5767 2
5768 15
5775 1
5769 15
5770 15
5771 14
5772 13
5773 2
5774 2
5776 1
5777 2
5778 1
5779 14
5780 2
5781 3
5782 11
5783 2
5784 4
6285 15
7659 2
7660 1
5788 1
5785 12
5786 1
5787 6
5790 2
5791 16
5792 2
5793 3
5794 2
5833 1
5796 2
5797 2
5798 14
6950 13
7398 6
8350 5
8600 12
8699 13
5801 1
5802 2
5803 2
5799 9
5800 14
5804 11
5808 13
5809 5
5826 2
5810 1
5812 2
5813 2
5814 1
5815 3
5816 1
5817 3
5818 5
5819 4
5820 14
5821 18
5822 2
5823 1
5824 14
5825 2
7742 13
7822 5
8246 12
8247 14
5903 20
5827 2
5828 1
5829 1
5830 5
5831 5
5832 13
5834 1
5836 11
5837 16
5838 13
5839 13
5840 7
5841 5
5842 12
5843 1
6248 16
8417 3
8672 5
8875 14
9477 1
9478 12
5844 17
5845 1
5846 1
5847 1
5848 2
5849 3
5850 14
5851 1
5852 3
5853 1
5854 10
5855 1
5856 1
5858 11
5859 1
5860 17
5861 17
5862 1
5864 1
5865 11
5866 1
5867 13
5868 1
5870 1
5805 11
5806 13
9152 18
9153 18
9154 11
5871 15
5872 3
5873 17
5874 5
5875 1
5878 4
5879 11
5880 8
5881 13
5882 3
5883 3
5876 3
5877 3
5950 4
5951 3
5952 1
5953 3
5884 30
5886 15
5887 1
5888 13
5889 1
5891 3
5892 2
5893 3
5894 15
5895 2
5896 1
5897 13
5898 3
5904 6
5905 2
5906 1
5908 15
5915 13
5916 12
5917 2
5918 3
5909 13
5910 1
5912 1
5913 5
5914 1
5919 1
5928 14
5920 17
5921 3
5922 13
5923 1
5924 2
5925 20
5926 13
5927 7
5929 1
5930 1
5931 2
5932 14
5934 1
6169 16
8152 2
8153 10
8154 12
8155 10
8156 1
5938 1
5939 1
5940 12
5941 18
5936 3
5937 1
5944 2
5945 8
5946 14
5942 12
5943 1
5947 15
5948 1
5949 8
6005 1
5954 11
5955 11
5956 12
5957 1
5958 5
5959 1
5960 15
5961 6
5962 12
5214 5
5965 1
5966 12
5967 5
5963 12
5964 4
5972 6
5973 19
5974 1
5975 1
5976 16
5977 11
5978 11
5979 17
5980 11
5981 11
5984 6
5985 4
5986 1
5987 1
5988 1
6000 3
7405 13
8655 3
9268 6
5989 1
5990 1
5991 1
5992 1
5993 1
5994 1
5995 4
5996 4
5997 7
5998 11
6001 12
6047 8
6048 4
6002 5
6003 1
6004 1
6006 7
6007 7
6014 13
6015 14
6011 5
6012 1
6013 1
6008 21
6009 1
6010 2
6018 4
6019 3
6020 8
6030 2
6031 4
6032 5
6021 1
6022 5
6023 1
6024 7
6025 2
6026 4
6027 11
6028 1
6029 5
6033 3
6034 4
6035 2
6045 2
6046 1
6050 4
6051 2
6052 3
6037 1
6038 6
6039 11
6040 12
6042 13
6044 1
6053 14
6054 1
6055 12
6067 2
6068 1
6069 1
6056 2
6057 2
6058 12
6059 2
6060 1
6063 1
6064 2
6065 3
6066 4
6061 4
6062 2
6070 11
6071 12
6072 2
6073 3
6074 1
6082 1
6083 15
6084 13
6085 2
6086 2
6087 16
6088 16
7079 11
9143 1
9144 14
9145 2
9146 11
9147 5
6075 12
6076 3
6077 16
6078 3
6079 3
6080 3
6081 4
6089 11
6090 13
6092 1
6093 4
6098 15
6099 1
6100 4
6101 49
6091 1
6094 6
6096 5
6102 14
6103 1
6104 15
6107 5
6105 14
6106 4
6108 17
6109 1
6110 1
6112 16
6113 1
6115 2
6117 13
6118 7
6119 2
6120 14
6121 4
6395 14
7126 13
9867 14
9875 12
9876 1
9877 11
9878 2
6122 14
6123 1
6128 2
6129 3
6130 1
6131 10
6124 1
6125 9
6126 14
6127 4
6142 11
6143 12
6144 1
6145 12
6132 11
6133 1
6134 12
6135 3
6136 1
8459 13
8536 13
8862 12
9474 5
9828 11
6140 7
6141 1
6138 4
6139 21
6151 1
6152 1
6153 1
6154 17
6155 1
6156 1
6157 1
6158 6
6159 1
6160 5
6161 16
6162 14
6163 6
6164 1
6165 16
6166 1
6167 4
6170 2
6171 10
6172 4
6173 2
6174 3
6175 15
6176 2
6346 3
6177 11
6178 14
6179 2
6180 13
6181 2
6182 1
7604 11
6183 1
6184 16
6185 3
6186 4
6187 1
6188 2
6189 2
6190 17
6198 1
6194 12
6195 1
6200 12
6203 5
6204 16
6205 2
6207 13
6208 15
6213 2
6214 5
6215 7
6222 11
6209 3
6210 4
6211 1
6212 14
6306 13
6857 3
8598 2
8599 2
6216 11
6217 7
6218 2
6219 12
5217 6
6220 3
6221 15
6311 6
6313 2
6314 3
6316 7
6317 1
6318 2
6227 11
6228 1
6223 4
7944 1
7945 2
7946 1
6225 13
6224 1
6229 1
6230 13
6231 12
6240 13
6241 1
6242 17
6243 7
6232 2
6233 1
6234 12
6235 9
6236 1
6237 1
6239 3
6245 5
6246 1
6247 3
6350 3
6351 1
6353 8
6250 18
6251 1
6252 11
6253 14
6249 2
6261 6
6254 4
6255 16
6256 13
6257 13
6258 3
6259 2
6260 5
6262 1
6263 5
6274 1
6275 4
9615 3
10350 1
6264 2
6266 1
6267 12
6268 1
6269 4
6270 1
6271 13
6272 11
6273 1
6295 1
6296 2
6297 11
6298 1
6276 11
6277 3
6278 3
6279 1
6280 2
6282 1
6283 13
6284 15
6286 11
6304 13
6305 12
6307 2
6299 14
6293 15
6287 2
6288 1
6289 1
6290 2
6291 1
6300 14
6301 8
6302 5
6303 14
6308 4
6309 13
6310 6
6312 2
6321 1
6322 4
6320 1
6325 3
6326 15
6328 4
6329 12
6330 3
6331 2
6332 2
6333 1
6370 6
6371 5
6334 4
6335 12
6336 12
6341 11
6342 2
6343 1
6348 5
6349 1
6344 12
6345 6
6347 1
6354 1
6355 17
6356 15
6357 3
6358 5
6359 2
6360 11
6361 2
6362 12
6365 1
6363 11
6364 5
6385 3
6366 1
6411 11
6412 10
6413 12
6372 4
6373 1
6374 13
6375 4
6376 1
6377 1
6378 10
6379 1
6380 6
6381 1
6383 1
6382 14
6384 3
6387 3
6388 16
6386 14
6389 1
6390 5
6391 4
6392 13
6393 3
6394 12
6396 1
6397 1
6398 3
6399 2
6400 1
8405 9
8406 3
6403 3
6404 1
6407 3
6405 18
6406 11
6409 6
6410 1
6465 2
6419 3
6420 5
6414 1
6415 12
6416 7
6418 2
6422 2
6423 4
6424 1
6425 12
6426 25
6427 1
6428 18
6429 2
6430 12
6431 3
6432 12
6433 2
6434 5
6435 2
6436 1
6437 1
6438 1
6440 16
6441 4
6442 1
6443 10
6444 13
6450 15
6451 16
6452 13
6445 11
6446 1
6447 3
6448 3
6449 11
6456 3
7412 13
6457 11
6458 12
6454 1
6459 12
6460 1
6461 5
6537 1
6462 5
6463 1
6464 4
6469 15
6466 5
6467 1
6471 2
6472 6
6473 2
6478 1
6475 1
6476 1
6477 5
6483 1
6484 11
6485 1
6480 3
6481 1
6486 11
6487 7
6488 2
6489 1
8075 1
6490 1
6491 3
6492 1
6494 1
6495 1
6497 1
6498 1
6499 1
6500 7
6501 1
6502 1
6503 1
6504 5
6529 1
6530 1
6531 5
6532 12
6517 2
6518 1
6519 18
6520 1
6521 2
6522 1
6510 3
6512 12
6513 1
6514 13
6515 11
6516 11
6505 2
6506 1
6507 1
6508 10
6509 2
6527 2
6528 2
6523 2
6524 3
6525 6
6526 1
6533 13
6534 1
6535 11
6536 13
6538 3
6539 1
6540 11
6541 3
6542 11
6549 13
6550 1
6551 3
6552 1
6545 3
6546 1
6547 1
6548 1
6543 14
6544 14
6553 1
6554 1
6556 5
6557 5
6558 2
6559 1
6560 13
6561 1
6562 13
6563 2
6567 17
6568 10
6569 4
6564 2
6566 2
9675 4
9676 1
6570 2
6571 1
6572 3
6802 14
7058 6
8184 3
6577 16
6578 1
6576 3
6573 5
6574 1
6575 11
6579 10
6580 7
6581 11
6582 1
6583 5
6584 8
6585 2
6586 14
6619 1
6620 9
6587 3
6593 1
6594 1
6595 1
6596 1
6597 1
6598 1
6599 1
6588 1
6589 2
6590 11
6591 2
6592 1
6600 7
6613 4
6614 4
6615 14
6616 11
6617 1
6618 3
6601 1
6602 1
6603 12
6604 1
6605 1
6606 1
6607 15
6608 1
6609 13
6610 1
6611 1
6612 1
6631 2
6632 2
6633 11
6621 2
6623 2
6624 1
6625 12
6626 1
6627 5
6628 3
6629 2
6630 3
6635 1
6637 1
6636 14
6639 2
6640 5
6641 1
6642 1
6643 13
6644 1
6645 1
6646 7
6648 10
6649 1
6650 3
7475 14
7693 7
9113 14
9744 5
6651 1
6652 2
6653 1
6654 3
6655 1
6657 11
6658 1
6659 1
6660 1
6701 1
6661 12
6662 13
6663 7
5619 2
6664 12
6666 4
6669 4
6667 1
6668 2
6670 5
6671 4
6672 1
6673 2
6674 2
6677 12
6678 3
6679 17
6680 2
6681 13
6682 3
6683 6
6697 1
6698 1
6684 1
6685 1
6686 1
6687 14
6688 14
7551 17
8110 2
6689 5
6690 10
6691 15
6692 1
6693 11
6694 12
6695 1
6696 14
10146 2
10448 1
10449 12
10450 3
6700 4
9131 12
9296 3
9417 11
8104 14
8179 12
6702 2
6703 5
6711 6
6704 1
6705 4
6706 1
6707 13
6708 2
6709 1
6710 2
6715 10
6712 2
6713 1
6714 11
6717 2
6726 4
6727 5
6728 2
6778 11
6780 14
6729 2
7005 13
6730 1
6731 2
6732 2
6733 1
6734 13
6737 1
6738 1
6739 1
6740 11
6741 1
6742 1
6743 1
6744 3
6745 2
6746 6
6747 4
6748 13
6749 4
6750 11
6751 1
6752 1
6753 4
6754 1
6755 4
6757 6
6758 10
6759 2
6760 1
6761 1
6762 4
6763 1
6764 1
6765 1
6766 2
6767 11
6768 1
6769 6
6770 3
6789 4
6790 4
6772 1
9539 4
9882 12
9889 1
9890 1
6773 4
6774 11
6775 3
6776 2
6777 1
6784 14
6785 12
6786 5
6787 17
6788 1
6781 6
6782 2
6783 1
6792 2
7232 15
8222 4
6795 1
6796 1
6797 1
6798 12
6799 2
6793 4
6794 14
6800 1
6801 11
6803 4
6804 6
6805 2
6812 1
6808 5
6809 1
9673 4
10834 1
6813 9
6814 13
6815 15
6816 1
6817 2
6818 2
6819 1
6820 2
6825 12
6827 1
6821 13
6822 20
6823 12
6824 2
6826 11
10488 1
6866 3
6867 2
6830 11
6831 1
6829 6
6832 1
6833 6
6835 1
6836 11
6834 12
5212 4
5213 4
6837 2
6838 1
6839 13
6840 2
6841 18
6842 15
6843 14
6847 15
6848 4
6844 12
6845 11
6846 1
6849 18
6850 11
6851 7
6852 10
6853 14
6854 10
6858 1
6855 1
6856 1
6859 13
6860 2
6863 10
6864 5
6865 2
6870 1
6868 2
6869 11
6873 7
6871 1
6872 1
6874 3
6875 11
6876 12
6877 1
6878 5
8112 1
8113 1
8114 1
8115 1
8116 1
8117 1
8118 1
6879 1
6880 6
6881 5
6921 2
6884 12
6882 6
6886 14
6887 9
6891 13
6888 1
6889 2
6892 11
6893 1
6894 1
6895 1
6896 2
6897 3
8921 2
9992 2
9993 2
9994 3
8139 1
6898 1
6899 4
6900 3
6901 2
6902 1
6903 1
6905 11
6906 1
6907 12
6908 2
6909 11
6910 3
6911 2
6912 12
6913 1
6914 11
6915 1
6963 1
9410 4
9745 4
6916 5
10031 1
10032 1
10033 11
10034 1
6920 2
6917 3
6918 7
6919 1
7122 8
7152 3
7421 12
7826 15
8344 2
8345 12
6922 1
8354 4
8713 6
9550 1
6923 1
6925 2
6928 12
6930 1
6931 3
6926 12
6939 5
6940 1
6941 12
6942 7
6943 1
6933 7
6934 10
6935 9
6947 1
6936 1
6937 17
6938 1
6944 3
6946 3
6948 1
8823 11
6949 11
6952 1
6953 13
6954 1
6955 1
6956 1
6957 2
6958 2
6959 1
6960 1
8210 3
9059 2
9060 3
9061 11
6961 12
6962 1
6968 13
6969 8
6964 1
6965 1
6970 4
6971 3
8962 13
6972 1
6973 2
6975 1
7476 6
8815 11
9480 4
10066 12
10708 2
10709 11
10710 11
7256 13
9710 1
9711 2
6974 14
6976 1
6977 1
6983 6
6984 11
7728 4
8232 16
8764 13
9376 2
10014 2
10163 12
6978 3
6979 3
6980 2
6981 2
6982 11
6986 13
6985 4
6987 2
6996 2
6997 2
6998 12
6999 2
6988 12
6989 3
6990 1
6991 3
6992 15
6993 2
6994 6
6995 2
7000 12
7001 1
7002 17
7003 3
7004 3
7006 1
7007 14
7008 19
7009 2
7011 6
7012 5
7010 14
7016 4
7017 11
7013 11
7014 2
7015 13
7018 1
7019 14
7020 12
7021 13
7026 2
7027 12
7028 1
7029 14
7936 4
8984 16
9946 12
10104 2
10244 11
10245 12
10246 2
7038 15
7039 11
7042 12
7043 2
7067 14
7045 11
7046 1
7047 1
7048 1
7054 1
7055 3
7056 3
6716 13
7057 1
7059 1
7061 3
7062 12
7063 2
7064 2
7065 2
7066 12
7072 2
7068 10
7069 2
7070 12
7071 15
7073 1
7074 1
7075 7
7076 2
7077 1
7078 13
7086 5
7087 1
7088 2
7089 11
7090 2
7091 1
7092 12
7030 3
7031 3
7032 7
7033 12
7034 5
7035 11
7036 15
7080 1
7081 2
7082 1
7083 11
7084 1
7085 10
7093 1
7094 1
7095 12
7103 3
7104 1
7101 8
7102 12
7105 2
7113 11
7106 13
7107 4
7108 3
7109 1
7110 1
7111 11
7154 13
7155 1
7112 16
7117 12
7118 15
7114 2
7115 1
7116 2
7134 11
7119 2
7120 2
7121 12
7123 1
7124 10
7125 2
7127 12
7128 14
7129 12
7130 15
7131 13
7132 2
7140 1
7141 2
7142 1
7143 1
7137 11
7138 4
7139 1
7144 2
7145 1
7146 4
7147 1
7148 11
7149 11
7150 1
7151 2
7153 1
7156 6
7157 6
7158 1
8424 3
8425 5
7159 3
7160 7
7161 11
7162 1
7165 1
7023 17
7163 1
7164 12
8043 3
8162 7
10030 11
7198 1
7166 2
7171 12
7168 2
7169 3
7170 4
7172 11
7173 13
7174 15
7175 1
7176 1
7177 3
7178 13
7185 7
7182 11
7183 2
7184 2
7187 1
7188 6
7192 11
7191 1
8685 14
8773 18
7193 3
7199 13
7194 4
7195 13
7196 11
7197 6
7205 1
7200 12
7201 12
7245 3
7202 11
7203 11
7204 2
7207 1
7208 1
7209 2
7210 2
7211 11
7212 11
7213 2
7214 1
7216 12
7222 12
7224 3
7225 14
7218 1
7227 1
7220 1
7221 14
7226 1
7229 1
7230 13
7231 1
7228 11
7876 13
8701 11
8702 1
8703 2
8704 12
8705 11
8706 2
7242 1
7243 5
7244 12
7233 2
7234 1
7235 2
7236 13
7237 1
7280 3
7315 14
7316 1
7317 1
7246 11
7247 1
7248 2
7252 1
7249 13
7251 12
7257 5
7258 2
7259 10
7253 1
7254 11
7255 15
7265 2
7260 1
7261 1
7262 3
7263 2
7264 11
7268 1
7266 6
7267 5
7269 3
7270 14
7344 1
5586 10
7276 2
7271 1
7272 2
7273 2
7274 1
7275 4
7277 4
7278 3
7279 2
7281 1
7282 8
7287 4
7288 1
7289 1
7290 1
7291 1
7292 1
7293 1
7294 1
7295 1
7296 1
7297 1
7298 1
7299 11
7300 1
7301 1
7302 1
7303 1
7304 1
7305 1
7306 1
7307 1
7308 1
7309 12
7310 1
7311 1
7312 1
7313 1
7314 1
7319 2
7321 1
7322 1
7323 2
7328 4
7343 17
7362 1
7363 2
7364 1
7365 11
7366 6
7367 2
7368 1
7331 7
7332 1
7333 5
7324 1
7325 11
7329 3
7330 3
7334 3
7335 14
7336 1
7337 1
7338 19
7339 2
7342 11
7349 16
7350 2
7351 12
7352 1
7353 3
7354 11
7355 12
7359 16
7360 13
7361 14
7369 13
7372 2
7373 4
7374 13
7375 12
7376 4
7377 1
7378 1
7370 5
7371 1
7380 2
7379 3
7382 1
7387 3
7391 1
7392 2
7393 1
8966 4
9176 3
9408 2
7394 3
7395 11
7396 1
7445 1
9844 12
7399 4
7400 20
7401 11
7402 2
7403 12
7404 2
7406 1
7407 1
7408 11
8981 8
9132 1
9133 1
7409 6
7410 11
7411 1
7414 1
7413 11
7417 1
7415 1
7416 2
7418 1
7419 7
7423 6
7422 6
7424 2
7425 1
7426 4
7427 2
7428 22
7429 13
7430 2
7431 2
7432 6
8055 3
8426 11
9111 1
7433 12
7434 14
7435 13
7443 1
7438 14
7439 17
7440 12
7441 2
7442 2
7444 7
7446 4
7447 1
7448 1
7449 2
7450 1
7521 6
7451 12
7452 11
7453 18
7454 1
7455 1
7456 2
7457 11
7458 1
7459 1
7460 1
7461 16
7462 2
7463 8
7464 3
7465 2
7472 13
7473 1
7470 12
7471 1
7466 1
7467 1
7468 3
7469 1
8798 2
8799 1
7488 7
7489 11
7474 11
7478 1
7477 1
7482 2
7483 24
7484 2
7485 14
7479 3
7480 2
7481 1
7487 4
7491 1
7503 2
7504 2
7497 1
8585 14
10613 12
10633 2
10654 11
10655 11
10656 1
7498 1
7499 11
7500 1
7501 1
7502 11
7505 11
7506 4
8813 10
8920 12
7509 3
7947 12
10428 2
10429 11
10430 1
7511 3
7512 1
7513 2
7514 13
7515 1
7516 2
7517 3
7518 1
7519 1
7520 3
7625 14
9179 1
9180 4
9181 11
7524 13
7522 14
7523 2
6017 15
8538 1
8539 1
8540 12
7526 5
7527 1
10242 2
10243 3
7528 12
7532 2
7533 12
7531 1
7534 3
7535 3
7536 5
7537 4
7538 3
7539 1
7540 1
7542 13
7543 6
7544 2
7545 4
7541 13
7546 1
7547 3
7549 12
7550 1
7553 11
7554 15
7555 2
7556 11
7557 1
7558 11
7559 2
7560 3
7561 1
7562 1
7563 3
7564 12
7565 13
7566 1
7567 14
7568 1
7569 3
7570 5
7572 2
7573 6
7579 1
7574 1
7575 1
7576 2
7577 1
7578 1
7635 5
7580 1
7581 3
7582 1
7583 1
7584 3
7585 11
7586 1
7587 12
7588 1
7589 10
7590 2
7593 1
7594 1
7596 12
7024 2
7025 1
7598 1
7599 11
7600 2
7597 14
7602 12
7603 1
7609 3
7610 1
7606 13
7607 5
7608 14
8439 2
8623 5
8686 11
8687 3
7614 1
7615 13
7616 1
7617 1
7618 3
7619 2
7620 12
7613 2
7621 3
7622 1
7623 1
7624 12
7626 4
7627 12
7628 2
7629 17
7630 1
7631 3
7632 1
7633 1
7634 1
7636 1
7637 11
7638 1
7641 1
7642 1
7640 2
7643 13
7644 3
7645 1
7646 2
7649 1
7650 14
7647 4
7654 1
7655 2
7652 1
7653 1
7656 1
8160 4
8743 16
10184 2
10510 1
10511 11
10512 1
7657 1
7658 1
7661 13
7662 14
7663 1
7664 1
7668 1
7669 13
7670 2
7665 2
7666 3
7667 10
7671 3
7672 10
7676 6
7673 11
7674 3
7675 1
7677 4
7680 1
7681 10
7678 10
7679 13
7682 13
7683 1
7684 1
7686 1
7687 14
7685 12
7694 1
7695 2
7697 5
7698 10
7699 12
7700 11
7688 1
7689 12
7690 12
7691 2
7696 1
7701 2
7702 1
7703 12
7704 1
7707 12
7708 5
7709 3
7711 1
7705 12
7706 12
9556 2
7710 5
7712 2
7713 2
7714 2
7720 1
7721 2
7719 14
7722 11
7726 1
7727 12
7723 1
7724 18
7725 2
7729 11
7730 1
7731 18
7732 10
7733 12
7734 4
7736 3
7737 3
7738 12
7739 11
7740 1
7741 11
7743 17
7744 1
7745 3
7746 1
7748 4
7749 1
7750 11
7747 2
7753 3
7751 3
7752 15
7801 5
7767 2
7768 2
7754 3
7755 2
7756 1
7757 1
7769 1
7770 2
7771 1
7772 11
9208 1
7773 1
7774 2
7775 11
7776 3
7783 7
7777 1
7778 2
7779 6
7780 1
7781 11
7782 1
7785 1
7786 1
7787 3
7784 6
7789 1
7790 1
7791 11
7792 1
7793 1
7794 11
7795 1
7798 2
7799 1
7796 14
7797 1
7823 13
7802 2
7835 2
7803 12
7804 10
7805 13
7807 4
7808 13
7809 3
7810 1
7811 2
7812 2
7813 1
7814 6
7815 2
7816 1
7817 11
7818 1
7819 6
7820 2
7821 6
7828 2
7829 11
7824 1
7825 1
7827 6
7833 4
7834 3
7830 13
7831 1
7832 4
7836 14
7837 12
8867 1
8868 15
8869 13
7838 2
7839 1
7844 2
7845 2
7840 5
7841 1
7842 3
7843 14
7847 3
7848 1
7849 17
7846 2
7850 11
7851 4
7853 1
7854 4
7855 11
7852 1
7856 1
7857 1
7858 18
7859 13
7860 5
7861 1
7862 1
7883 15
7868 1
7869 1
7870 1
7864 11
7865 2
7866 11
7867 1
7871 1
7872 4
7873 2
7877 1
7878 9
7879 14
7880 13
7881 1
7882 5
7884 12
7885 2
7886 2
7888 12
7889 5
7890 11
7891 1
7892 13
7893 1
7895 1
7896 1
7894 17
7897 2
7898 12
7899 1
7900 12
7901 1
7994 5
8519 3
8660 12
8679 6
8960 1
8961 2
7902 12
7903 11
7904 1
8789 2
8790 12
7905 3
7906 1
7907 1
7949 11
7950 1
8313 5
9035 11
7908 7
7909 11
7910 5
7911 1
7912 1
7913 2
7914 1
7916 2
7918 11
7915 11
7919 1
7920 1
7921 3
9649 2
7922 11
7923 1
7924 3
7925 2
9516 2
9517 2
9518 1
9519 12
7979 1
7927 1
7928 2
7929 13
7930 1
7931 1
7932 15
7933 1
7934 13
7935 1
7937 11
7938 2
7939 4
7940 15
7941 2
7942 10
7948 4
7951 9
7952 1
7953 7
7954 4
7961 2
7955 13
7956 11
7957 4
7958 1
7962 1
7963 8
7964 2
10408 1
10409 1
7959 13
7960 5
7965 4
7966 13
7969 1
7967 1
7968 11
7970 2
7971 5
7972 4
7973 12
7974 11
7975 1
7976 1
7977 1
7978 1
7984 2
7985 1
7980 8
7981 2
7982 1
7983 4
7986 1
7987 2
7988 1
7989 10
7990 2
7997 3
7998 3
7999 16
8000 3
8001 3
8002 1
8003 1
8004 11
8005 4
8006 2
8007 12
8008 2
8009 3
8010 3
8011 3
8012 3
8013 11
8014 11
8016 1
8017 1
8018 7
8019 11
8020 11
8021 11
8026 1
8027 4
8028 1
8029 1
8024 1
8025 1
8036 1
8037 3
8038 13
8039 2
8040 5
8030 11
8031 10
8032 1
8033 13
8034 1
8035 8
8041 1
8042 13
8044 1
8045 1
8046 1
8048 1
8049 1
8050 1
8051 2
8057 11
8052 2
8053 9
10207 3
8060 12
8061 11
8054 1
8056 11
8058 1
8059 3
8062 1
8063 4
8064 10
8065 1
8066 1
8067 1
8068 8
8069 11
8070 13
8071 1
8072 1
8073 1
8074 2
8076 15
8077 2
8922 5
8078 1
8079 1
8080 1
8081 1
8082 1
8083 11
8084 2
7995 11
8085 11
8086 5
8088 1
8089 11
8090 1
8091 1
8092 5
8093 11
8094 2
8095 1
8096 2
8097 16
8098 13
8099 2
8100 3
8101 1
8105 2
8108 2
8109 3
8106 12
8107 5
10054 13
10288 4
10289 2
8978 13
8119 1
8121 2
8122 3
8111 2
8123 1
8124 14
8129 1
8130 1
8131 2
8137 12
8138 11
8126 6
8132 1
8133 2
8134 1
8136 1
8140 3
8141 2
8142 3
8143 12
8144 13
8145 12
8146 1
9093 5
9126 1
8150 1
8151 12
8147 1
8149 1
8157 7
8158 12
8159 12
8163 1
8571 3
9547 18
9548 10
8164 11
8165 1
8166 11
8167 10
8168 11
8170 3
8171 2
8174 1
8175 2
8173 1
8172 2
8177 2
8178 12
8176 2
8180 2
8181 1
8182 1
8183 4
8185 10
8186 1
8187 1
8188 1
8189 1
8190 12
8192 11
8193 1
8194 2
8191 3
8197 11
8198 12
8199 11
8195 24
8196 13
8200 1
8201 6
8202 2
8203 3
8204 12
8205 1
8206 1
8208 1
8209 1
8211 1
8212 11
8213 2
8214 7
8215 7
8216 2
8217 4
8218 12
8224 10
8225 14
8220 1
8221 1
8223 1
8226 1
8227 3
8229 1
8230 11
8231 12
8235 1
8233 1
8234 2
8236 1
8237 1
8238 2
8239 1
8240 1
8241 2
8242 2
8243 11
8244 1
8245 1
8252 2
8254 1
8248 2
8249 1
8250 3
8251 2
8263 3
8256 11
8257 10
8258 11
8259 3
8260 8
8261 12
8262 12
8264 10
8267 13
8265 13
8266 1
8275 12
8276 1
8277 5
8269 1
8270 1
8271 1
8268 11
8272 10
8273 1
8274 1
8278 4
8279 12
9279 12
9353 3
10501 11
10763 1
10764 1
8280 3
8282 4
8283 1
8284 1
8285 2
8286 1
8287 2
8288 1
8289 2
8290 1
9067 2
9068 4
8291 4
8292 11
9658 3
9667 11
8293 14
8294 1
8295 2
8296 12
8297 1
8298 1
8304 5
8305 1
8299 11
8300 1
8301 5
8302 1
8303 11
10159 16
10194 13
10518 11
8306 1
8778 12
9282 15
9604 1
8310 6
8333 12
8334 5
8311 1
8312 1
8314 4
8320 11
8315 2
8316 2
8317 1
8318 5
8319 2
8321 1
8322 1
8326 12
8327 11
8323 1
8324 1
8325 3
8330 1
8328 1
8329 1
8331 18
8332 11
8335 1
8336 1
8337 11
8338 13
8545 16
10434 11
10435 4
8339 2
8340 3
8341 1
9253 2
9254 1
9255 1
9256 1
9257 2
9258 3
7320 3
8346 1
8348 13
8349 11
8347 1
8351 10
8352 1
8353 2
8355 1
8846 2
9168 10
9214 13
9238 1
8356 1
8357 3
8358 2
8359 3
8361 7
8362 11
8363 10
9479 3
9862 2
9863 2
9864 11
9865 11
8364 2
8365 4
8366 5
8369 11
8373 7
8374 2
8375 14
8370 1
8371 1
8372 4
7383 4
7384 3
7385 1
7388 10
8383 3
8376 2
8377 1
8378 1
9348 10
8379 2
8380 1
8381 13
8382 10
8384 2
8385 12
8386 3
8387 3
8388 10
8389 1
8397 2
8390 13
8391 1
8392 11
8393 2
8394 2
8395 1
8396 1
8400 1
8401 15
8402 1
8403 1
8404 2
8398 1
8399 1
8407 1
8408 3
10202 3
10770 3
8409 4
8410 12
8411 2
8412 1
8435 4
10153 2
10154 1
10155 2
8414 3
8415 13
8413 2
8422 11
8423 3
8416 2
8418 1
8419 2
8420 3
8421 1
9648 1
8427 3
8428 3
8429 2
8430 2
8431 1
9305 1
8432 1
8433 1
8434 4
8436 1
8442 1
8443 11
8444 3
8437 13
8438 2
8440 1
8441 12
8445 1
8446 11
8447 1
8448 11
8449 1
8450 1
8451 1
8454 13
8452 1
8453 1
8457 13
8455 2
8456 11
9134 66
8460 1
8461 13
8462 1
8463 1
8464 1
8465 11
8466 12
8467 4
8522 1
8468 1
8469 1
8471 2
8475 1
8472 2
8473 1
8474 11
8476 2
8477 1
8478 1
8479 1
8480 2
8481 9
8488 13
8489 15
8490 14
8482 12
8483 1
8484 14
8485 1
8486 1
8487 2
8491 12
8492 11
8493 1
8494 2
8495 4
8496 2
8497 1
8498 1
8499 2
8500 11
8501 1
8541 1
8542 1
8543 2
8544 1
8502 1
8503 2
8504 1
8505 1
8506 2
8507 12
8508 1
8509 1
8510 1
8511 13
8512 1
8513 12
8514 2
8515 1
8516 12
8517 11
8518 2
8520 13
8521 3
7605 13
8860 11
9000 3
10391 11
8523 2
8524 2
8525 3
8526 8
8527 12
8528 13
8529 2
8530 11
8531 2
8532 3
8533 1
8534 2
8535 11
8744 14
9177 3
9178 1
8546 8
10022 15
10436 2
10437 10
10438 2
10439 2
8547 2
8548 1
8549 2
8550 1
8551 4
8552 12
8553 4
8554 1
8877 3
9678 2
9813 12
9859 4
9860 13
9861 11
8558 12
8555 2
8556 1
8557 12
8561 1
8562 3
8563 5
8565 1
8567 11
8568 14
8569 3
8570 2
8566 11
8578 1
8579 3
8580 2
8572 11
8573 7
8581 9
8574 10
8575 1
8583 2
8584 1
8582 1
8586 13
8587 13
8588 6
8589 7
8590 13
8591 2
8592 2
8597 2
8593 1
8595 2
8596 4
8601 2
8602 1
8603 2
8604 11
8605 4
8606 2
8607 1
8608 1
8609 1
8610 1
8614 1
8611 10
8613 1
8615 2
8616 12
8617 11
8618 11
8619 13
8620 1
8621 11
8636 2
8622 1
8624 13
8625 18
8626 1
8627 1
8628 12
8629 2
8630 1
8634 12
8635 1
8638 1
8639 1
8640 2
8641 13
8642 13
8643 1
8644 11
8645 2
8646 1
8647 12
8648 2
8649 11
8650 2
8651 1
8652 1
8666 12
8653 1
8654 11
8656 12
8779 3
9014 2
10394 2
10395 1
8657 11
8658 2
8659 2
8661 2
9248 1
9249 1
9250 11
9251 1
8663 13
8664 2
9288 12
8665 2
8667 3
8668 3
8669 11
8670 13
8671 2
8674 1
8675 14
8676 12
8677 12
8678 2
8680 2
8681 2
8682 1
8683 1
10080 3
10128 2
8688 1
8689 2
8695 11
8690 12
8691 1
8692 4
8637 1
8693 11
8694 12
8696 1
8697 1
8698 2
8707 12
8708 11
8700 13
8711 1
8709 11
8710 4
8712 1
8721 2
8722 1
8723 1
8714 3
8715 3
8716 2
8717 12
8718 11
8719 11
8720 6
8724 4
8726 5
8727 1
8728 14
8729 11
8730 11
8731 1
8732 11
8733 1
8734 11
8735 13
8736 1
8737 3
8738 4
8739 12
8740 1
8741 2
8742 11
8745 12
8746 2
8747 1
8748 3
8753 1
8754 2
8755 2
8756 12
8757 2
8752 6
8766 14
8758 4
8759 2
8760 2
8761 2
8762 10
8763 4
8765 3
8767 1
8768 1
8769 3
8770 1
8771 2
8772 1
8774 11
9439 2
8775 3
8776 3
8777 3
8787 8
8788 1
8785 1
8786 7
8806 3
8807 2
8791 13
8792 1
8793 4
8794 2
8795 1
8796 1
8800 1
8801 1
8802 11
8804 8
8803 1
8805 4
8808 1
8809 1
8810 4
8811 1
8812 4
8817 1
8818 2
8819 4
8814 2
8816 5
8822 1
8826 12
8824 1
8825 1
8827 3
8828 14
8829 11
8830 2
8781 3
8838 1
8839 12
8831 1
8833 12
8835 12
8836 1
8837 10
8841 1
8840 1
8847 1
8848 1
8849 5
8850 11
8851 1
8852 1
8853 1
8854 14
8855 1
8856 10
8858 1
8859 12
8861 12
8125 11
8863 11
8864 11
8865 11
8866 11
8871 1
8872 1
8873 4
8874 11
8876 5
8886 1
8887 1
8883 1
8884 1
8878 1
8879 10
8880 10
8881 2
8882 1
8885 11
8888 12
8889 1
8895 2
8896 11
9089 3
10522 3
8891 1
8892 13
8893 1
8894 2
8897 15
8898 11
8899 1
8900 11
8901 12
8902 1
9489 11
9490 13
8904 2
8905 11
8906 11
8907 12
8908 10
8909 3
8910 2
8915 1
8916 10
8917 1
8914 7
8911 7
8912 1
8913 1
8918 2
8919 2
8923 1
8924 2
8932 2
8925 11
8929 11
8926 2
8927 11
8928 11
8930 1
8931 1
8933 1
8934 4
8935 1
8936 2
8940 2
8949 2
8950 11
8951 12
8952 11
8953 11
8941 1
8942 4
8943 3
8944 11
8945 2
8946 1
8947 4
8948 10
8980 4
9001 3
9002 16
9003 14
8954 13
8955 1
8956 11
8957 2
8959 10
8963 5
8964 1
8965 5
8967 2
8972 12
8973 11
8968 4
8974 4
8975 14
8969 1
8970 1
8971 2
8976 6
8977 13
8979 1
8982 1
8983 3
8985 2
8986 2
8987 11
8988 13
8989 13
8990 1
8991 1
8992 5
8993 1
8995 13
8994 10
8784 11
8996 11
8997 1
8999 1
9004 11
9005 1
9006 7
9007 3
9008 1
9009 1
9010 13
9011 12
9012 11
9013 2
9020 12
9015 2
9021 14
9022 10
9023 1
9024 14
9025 11
9026 11
9027 1
9028 1
9029 1
9030 2
9031 1
9032 2
9033 1
9034 13
9050 1
9051 1
9052 10
9041 2
9042 2
9036 1
9037 3
9038 1
9039 12
9040 3
9043 1
9044 2
9045 2
9046 2
9047 11
9048 1
9049 2
9053 11
9054 12
9084 1
9085 1
9086 4
9087 5
9088 2
9055 11
9056 13
9057 11
9058 2
9460 3
10177 13
10423 2
10424 1
10425 12
10426 10
10427 1
9062 11
9063 2
9064 1
9065 1
9066 2
9106 3
9107 2
9108 11
9069 1
9070 1
9071 11
9078 1
9079 3
9080 11
9072 1
9073 11
9074 1
8780 1
10414 1
9081 1
9082 1
9083 13
9090 7
9100 12
9092 13
9094 14
9095 7
9096 3
9097 11
9098 1
9099 1
9101 10
9102 6
9103 1
9104 1
9105 11
9112 12
9109 5
9110 16
9114 11
9115 2
9116 12
9117 2
9118 3
9119 1
8560 1
9120 2
9121 1
9122 1
9123 1
9124 6
9125 1
9127 2
9128 6
9129 11
9130 11
9135 1
9136 2
9137 2
9759 3
9760 2
9138 4
9139 11
9140 2
9141 1
9142 2
9148 2
9149 11
9150 10
9151 12
9161 12
9162 2
9156 2
9155 12
9157 1
9158 12
9159 3
9160 12
9163 11
9167 11
9170 2
10273 11
10274 1
10275 1
9169 4
9171 4
9186 2
9187 12
9172 1
9173 1
9174 1
9175 12
9182 1
9183 1
9184 1
9185 1
9193 12
9194 2
9195 3
9188 2
9189 7
9190 1
9191 11
9192 1
9196 1
9197 1
9198 4
9211 1
9199 1
9200 12
9201 1
9202 11
9203 1
9204 2
9205 1
9207 9
9687 5
9696 17
10295 10
9209 11
9210 3
9219 1
9220 2
9215 11
9221 2
9222 1
9223 3
9225 2
9226 4
9227 2
9228 11
9229 3
9230 2
9231 2
9232 1
9233 12
9234 1
9235 11
9236 1
9237 3
9239 2
9240 1
9241 1
9242 11
9243 2
9244 2
9245 1
9246 1
9247 5
9259 11
9261 1
9262 10
9263 13
9260 1
9264 11
9265 4
9272 1
9266 3
9267 11
9269 2
9270 1
9278 1
9274 1
9275 2
9276 15
9277 2
9280 11
9281 2
9286 11
9289 1
9290 2
9283 1
9284 1
9285 1
9287 6
10663 11
10664 2
10665 1
10666 2
9291 2
9292 12
9293 12
9294 2
9295 2
8782 12
8783 1
9297 3
9326 2
9332 1
9333 1
9298 1
9302 13
9303 3
9304 12
10081 13
9306 12
9307 2
9308 1
9309 13
9310 1
9311 11
9312 1
9313 2
9314 12
9315 1
9316 3
9317 1
9318 11
9319 15
9320 1
9321 3
9322 14
9323 11
9324 4
9325 1
9327 2
9328 1
9329 11
9330 2
9331 12
9335 11
9336 1
9334 2
9343 3
9344 10
9345 2
9337 2
9338 11
9339 2
9340 1
9341 11
9342 1
9346 15
9347 2
9349 1
9372 1
9373 1
9374 14
9375 1
9378 13
9379 11
9380 11
9381 13
9382 6
9383 2
9384 2
9385 1
9386 1
9387 8
9388 1
9389 1
9390 11
9394 1
9358 14
9391 12
9392 1
9393 1
8903 1
9395 5
9433 2
9396 11
9397 1
9401 13
9402 11
9398 2
9399 2
9400 11
9404 12
9405 12
9368 4
9406 2
9407 2
9409 2
9411 2
9414 1
9412 12
9413 1
9418 11
9419 1
9420 2
9422 2
9423 1
9424 6
9425 10
9426 1
9427 1
9428 1
9431 2
9432 12
9429 3
9430 2
9434 1
9435 1
9436 1
9437 1
10878 1
9438 1
9440 11
9441 2
9442 10
9443 2
9444 11
9487 2
9488 2
9447 1
9445 12
9446 1
9448 2
9449 2
9450 3
9451 11
9452 1
9453 3
9454 3
9455 12
9456 7
9457 3
9458 1
9463 11
9459 7
9464 3
9465 1
9467 2
9468 11
9469 2
9470 2
9471 1
9472 3
9476 11
9473 1
9475 11
9481 2
9483 1
9484 1
9485 1
9486 11
10264 11
9493 1
9494 1
9495 3
9496 2
9497 2
9498 1
9499 3
9500 11
9501 3
9508 3
9509 1
9502 1
9503 13
9505 3
9506 1
9507 1
9363 12
9504 2
9510 8
9511 11
9512 3
9513 1
9514 3
9515 1
9360 2
9520 11
9521 12
9522 1
9526 1
9527 1
9528 11
9555 1
9531 12
9532 1
9533 2
9534 10
9559 1
9359 1
9361 2
9362 2
9535 1
9537 1
9538 2
9540 1
9541 11
9542 11
9543 12
9544 11
9545 12
9546 2
9552 1
9551 1
10018 2
10057 8
10220 11
10221 2
9553 1
9554 6
9557 1
9558 1
9564 11
9560 2
9561 3
9562 11
9563 1
9577 1
9578 1
9579 1
9580 2
9581 1
9356 12
9567 11
9568 1
9574 2
9575 1
9576 1
9569 6
9853 1
9571 11
9572 11
9573 12
9584 2
9582 2
9583 6
9585 1
9586 10
9587 3
9591 1
9588 1
9589 10
9590 11
10328 3
10329 2
9601 3
9592 3
9593 1
9594 12
9595 1
9596 1
9597 1
9598 1
9599 11
9602 6
9603 11
9605 11
9606 2
9610 2
9370 14
9607 2
9608 11
9609 2
9212 10
9213 1
9611 1
9614 14
9612 2
9613 1
9621 1
9616 1
9617 1
9618 1
9619 11
9620 11
9622 11
9623 2
9624 11
9625 1
9626 1
9630 1
9631 1
9629 12
9627 2
9628 13
9632 2
9633 12
9634 13
9636 14
9638 1
9637 2
9639 13
9641 1
9642 11
9643 2
9644 1
9645 1
9647 1
9646 11
9650 2
9651 1
9652 11
9653 4
9654 1
9655 11
9656 1
9657 1
10609 2
10610 1
9659 11
9660 11
9661 10
9662 1
9663 1
9664 1
9665 4
9666 12
9668 4
9670 12
9671 4
9672 2
9674 11
9677 2
9679 2
9680 1
9681 2
9682 11
9683 11
9684 11
9685 1
9686 3
9350 10
9351 3
9352 9
9354 1
9355 2
9688 1
9689 1
9690 1
9364 10
9365 2
9366 11
9691 1
9692 10
9693 3
9694 2
9367 10
9369 2
9371 1
9695 1
9697 2
9698 11
9699 11
9700 11
9701 12
9703 1
9704 3
9705 6
9706 2
9707 15
9708 1
9709 10
9740 4
9712 2
9713 2
9714 13
9715 1
9716 2
9720 23
9721 11
9722 14
10323 1
10324 11
9717 4
9718 9
9719 2
9728 2
9729 1
9730 1
9724 11
9725 1
9726 11
9727 2
9723 11
10325 3
10374 1
9415 11
9416 1
9731 2
9732 13
9733 11
9734 11
9735 2
9736 2
9737 2
9738 4
9739 2
9741 1
9742 1
9743 12
9746 12
9747 2
9748 1
9749 2
9750 3
9751 1
9752 2
9753 11
9754 1
9755 13
9756 12
9757 3
9758 11
9761 1
9762 1
9763 1
9764 1
9765 2
9766 2
9466 1
9767 2
9790 1
9778 1
9779 3
9780 5
9781 4
9782 1
9784 3
9783 11
9785 11
9786 8
9787 2
9788 1
9789 1
9807 2
9808 3
9809 1
9806 2
9791 2
9792 2
9793 2
9794 2
9795 1
9796 1
9797 11
9798 11
9799 3
9800 11
9801 2
9802 11
9803 11
9804 1
9805 1
9814 1
9815 2
9818 1
9819 2
9820 1
9821 3
9810 2
9811 1
9812 2
9816 1
9817 1
9822 1
9823 2
9824 11
9825 11
9827 1
9858 1
9829 1
9830 1
9832 12
9834 11
9831 2
9833 6
9842 1
9843 12
9837 11
9838 2
9839 12
9840 1
9841 11
9848 12
9849 13
9850 1
9851 12
9852 2
9855 2
9866 6
9868 2
9869 12
9870 1
9871 12
9874 8
9879 1
9880 12
9881 11
9883 1
9884 17
9887 1
9885 1
9886 3
9891 10
9892 12
9893 2
9901 11
9902 5
9894 14
9895 11
9896 11
9897 1
9898 10
9899 2
9900 2
9903 1
9904 1
9905 11
9906 3
9907 13
9908 13
9909 11
9910 11
9911 2
9912 11
9913 11
9914 1
9915 1
9916 14
9917 2
9918 1
9919 1
9920 1
9921 2
9922 11
9923 4
10222 1
9924 12
9925 1
9926 11
9927 11
9929 1
9930 1
9931 11
9928 1
9934 1
9935 3
9936 11
9937 1
9938 4
10272 10
10381 11
10382 2
9932 1
9933 1
9972 1
9940 11
9945 1
9947 11
9948 1
9949 2
9950 11
9979 1
9980 1
9981 2
9982 3
9959 11
9951 12
9952 11
9953 3
9955 11
9956 2
9957 2
9958 1
9960 14
9961 1
9962 2
9963 1
9964 11
9965 13
9966 11
9967 2
9968 3
9969 3
9970 4
9971 2
9973 1
9995 1
9996 11
9975 2
9976 2
9977 2
9978 1
9983 12
9984 1
9985 2
9987 12
9988 2
9989 1
9990 2
9991 1
9997 1
9998 11
9999 3
10002 1
10003 1
10004 2
10000 11
10001 1
10010 1
10011 2
10012 2
10013 2
10015 1
10016 2
10017 1
10020 12
10021 11
10019 12
10023 2
10024 2
10025 11
10026 8
10027 1
9846 2
10029 4
10028 1
9845 10
9847 11
10035 2
10036 6
10037 2
10038 11
10039 12
9854 1
9856 10
9857 12
10059 5
10060 11
10061 1
10042 2
10043 27
10044 2
10041 12
10046 1
10047 12
10048 1
10049 1
10050 1
10051 12
10052 1
10053 1
10055 2
10056 2
10058 1
10105 3
10106 1
10062 1
10068 11
10069 11
10070 11
10063 12
10064 1
10065 11
10067 2
9888 1
10071 2
10079 6
10072 8
10073 12
10074 8
10075 11
10076 1
10077 1
10078 11
10082 12
10083 11
10084 2
10085 11
10120 3
10121 1
10122 3
10086 1
10087 1
10088 1
10089 1
10096 2
10090 4
10091 1
10092 1
10093 1
10094 1
10095 1
10097 1
10098 1
10099 1
10100 1
10101 1
10102 1
10103 11
10107 1
10108 1
10109 1
10110 10
10112 1
10113 1
10114 1
10115 11
10116 11
10117 1
10282 1
10118 12
10119 5
10139 9
10123 1
10124 2
10125 11
10126 3
10127 2
10129 1
10130 2
10131 11
10132 12
10133 12
10134 1
10135 11
10136 1
10137 11
10138 1
10141 12
10704 11
10705 11
10706 12
10140 6
10142 2
10143 4
10144 11
10145 11
10147 12
10148 3
10150 6
10151 2
10152 1
10157 1
10158 1
10005 10
10006 2
10007 10
10008 10
10009 1
10160 3
10161 2
10162 2
10164 1
10165 10
10166 1
10167 2
10172 5
10173 12
10174 10
10168 1
10169 1
10170 12
10171 1
10175 1
10176 11
10178 10
10179 3
10180 1
10181 1
10182 1
10183 15
10223 11
10185 13
10186 11
10187 2
10188 3
10189 11
10190 1
10191 1
10193 13
10348 1
10349 12
10195 11
10196 2
10197 1
10198 1
10199 10
10203 11
10204 1
10205 1
10200 2
10201 11
10206 1
10208 11
10209 1
10210 1
10211 1
10212 1
10213 1
10214 1
10215 1
10216 1
10217 1
10218 1
10219 1
10229 1
10230 12
10224 1
10225 11
10226 3
10227 1
10228 1
10260 1
10261 1
10262 2
10231 20
10232 1
10233 2
10234 10
10235 1
10236 11
10237 1
10238 9
10239 3
10240 2
10241 1
10247 2
10248 1
10249 7
10250 2
10251 3
10252 11
10253 1
10254 1
10255 1
10256 2
10257 3
10258 2
10259 1
10281 11
10639 10
10263 13
10265 2
10266 1
10267 1
10268 6
10269 11
10270 11
10290 3
10271 11
10276 11
10277 2
10278 1
10279 1
10280 12
10283 1
10284 2
10285 2
10286 2
10287 2
10291 2
10292 11
10293 2
10297 2
10298 6
10299 1
10296 1
10294 8
10300 2
10301 1
10302 1
10303 10
10304 2
10305 3
10306 11
10307 1
10308 2
10309 1
10310 11
10321 11
10322 1
10320 1
10315 6
10316 1
10317 1
10318 11
10319 1
10311 2
10312 11
10313 2
10314 11
10326 11
10334 11
10335 1
10336 5
10337 3
10338 2
10339 1
10340 11
10341 1
10342 1
10343 1
10344 11
10347 1
10357 1
10358 1
10351 11
10352 2
10353 1
10354 2
10355 1
10356 2
10360 2
10359 11
10361 9
10362 1
10363 3
10376 11
10377 12
10364 2
10365 11
10366 1
10367 1
10368 10
10369 9
10370 1
10371 4
10372 11
10373 3
10375 1
10378 12
10379 11
10380 1
10383 11
10384 1
10385 11
10386 1
10387 11
10388 1
10389 1
10392 11
10393 1
10396 11
10397 11
10398 4
10399 1
10400 1
10401 1
10405 1
10406 2
10407 1
10402 1
10403 11
10404 12
10626 13
10757 11
10413 2
10415 1
10416 7
10417 11
10418 12
10419 1
10420 1
10421 2
10422 2
10431 6
10432 1
10433 3
10451 1
10440 6
10441 5
10442 1
10443 11
10444 1
10445 11
10446 12
10447 1
10459 1
10465 11
10466 11
10467 1
10468 11
10469 1
10470 2
10471 11
10472 11
10473 4
10474 11
10475 1
10476 1
10477 3
10478 2
10479 12
10480 11
10481 11
10482 1
10483 11
10484 10
10485 1
10486 1
10487 11
10489 11
10490 1
10491 3
10492 2
10513 2
10514 10
10410 11
10411 1
10412 1
10494 1
10496 11
10497 3
10495 1
10498 11
10499 1
10500 11
10502 1
10503 11
10504 2
10505 1
10506 1
10507 12
10508 11
10509 2
10519 4
10524 1
10525 1
10526 12
10531 1
10515 1
10516 2
10517 11
10520 12
10521 11
10523 2
10527 2
10528 2
10453 10
10454 10
10455 1
10529 3
10530 10
10532 11
10533 6
10534 2
10460 10
10461 1
10462 1
10463 11
10464 2
10535 2
10536 6
10537 2
10547 1
10548 2
10549 1
10538 10
10539 10
10540 2
10541 1
10542 1
10543 3
10544 2
10545 11
10546 10
10555 11
10550 2
10551 2
10552 1
10553 11
10554 11
10557 8
10556 11
10558 1
10559 11
10560 1
10561 10
10562 9
10563 11
10564 2
10566 12
10565 1
10567 2
10568 1
10569 11
10584 1
10570 1
10571 1
10572 1
10573 1
10574 11
10575 2
10576 1
10577 11
10578 12
10579 11
10580 10
10581 1
10582 1
10583 2
10585 2
10586 2
10587 10
10588 3
10589 1
10590 12
10591 1
10592 2
10593 11
10594 11
10595 2
10596 1
10597 11
10598 11
10599 5
10601 12
10602 2
10600 1
10603 1
10604 1
10605 1
10611 1
10612 2
10614 1
10615 1
10616 1
10617 2
10618 10
10619 11
10620 1
10621 1
10622 1
10623 11
10624 2
10625 1
10627 10
10628 11
10629 3
10630 1
10631 1
10632 11
10637 1
10634 1
10635 11
10636 2
10638 2
10640 1
10641 2
10643 1
10644 2
10642 11
10645 1
10646 1
10648 2
10649 12
10650 12
10651 1
10652 1
10683 1
10606 10
10607 11
10608 1
10653 11
10657 6
10658 1
10659 2
10660 2
10661 11
10662 11
10670 2
10671 13
10672 1
10667 1
10668 2
10669 1
10673 11
10674 12
10675 1
10676 1
10677 11
10678 1
10679 11
10680 11
10682 1
10681 11
10684 2
10685 1
10699 1
10686 2
10687 1
10688 1
10689 1
10690 11
10691 1
10692 1
10693 1
10694 1
10695 2
10696 11
10697 1
10698 1
10700 11
10701 11
10702 1
10703 11
10707 1
10711 7
10712 1
10714 10
10715 11
10716 1
10719 7
10722 1
10717 11
10718 1
10728 2
10729 2
10730 11
10720 1
10721 11
10727 2
10723 10
10724 11
10725 1
10726 12
10731 1
10732 2
10733 11
10734 1
10735 12
10736 11
10737 1
10738 1
10739 11
10740 1
10741 2
10742 10
10743 2
10744 1
10745 11
10746 10
10747 1
10751 2
10752 11
10753 11
10748 11
10749 8
10750 2
10754 12
10755 1
10756 11
10758 1
10759 1
10760 11
10761 11
10762 1
10765 1
10766 11
10767 1
10768 1
10769 2
10771 11
10772 2
10773 11
10799 1
10774 10
10775 2
10776 11
10777 1
10778 2
10779 2
10780 11
10781 2
10782 1
10783 2
10784 2
10785 6
10786 1
10787 11
10788 11
10789 1
10790 11
10791 1
10792 1
10793 1
10794 1
10795 1
10796 9
10797 11
10798 11
10800 1
10801 1
10802 1
10803 2
10810 2
10808 1
10809 12
10811 1
10812 11
10813 1
10814 2
10815 11
10816 11
10817 1
10818 1
10855 11
10856 1
10819 1
10820 11
10821 1
10822 1
10823 1
10824 1
10825 1
10826 1
10827 11
10828 1
10829 6
10830 11
10831 1
10832 1
10833 1
10835 10
10836 3
10837 11
10857 11
10858 11
10838 1
10839 7
10840 2
10841 11
10842 11
10843 10
10851 1
10844 11
10845 6
10846 11
10847 1
10848 11
10849 3
10850 1
10852 1
10853 1
10854 1
10859 1
10860 11
10861 1
10862 1
10863 2
10864 6
10865 1
10866 1
10867 1
10868 1
10869 1
10870 1
10871 1
10872 1
10877 1
10873 1
10874 10
10875 1
10876 1
